0.5,0.92,0.6,0.34,0.72,0.74,0.7,0.66,0.64,0.62,1.12,1.52,0.82,0.84,0.58,0.6,0.64,0.56,0.54,0.56,0.56,0.56,0.56,0.58,0.58,0.58,0.6,0.6,1.48,0.64,0.68,0.76,1.2,1.1,1.06,1.02,1.04,0.9,1.48,1.66,1.2,1.46,1.3,0.74,0.7,0.58,0.54,0.52,0.52,0.58,0.52,0.5,0.5,0.5,0.6,0.5,0.5,0.5,0.56,0.48,0.8,0.5,0.5,0.5,0.5,0.5,0.5,0.54,0.66,0.52,0.52,0.52,0.52,0.52,0.72,0.92,0.56,0.66,0.76,0.72,0.54,0.54,0.54,0.54,0.56,0.56,1.22,0.76,1.36,0.62,0.62,0.62,0.66,0.66,0.66,0.7,0.78,0.76,0.86,0.92,0.78,0.8,0.82,0.84,0.88,0.9,0.92,0.98,1.02,0.68,0.68,1.18,0.96,0.76,0.8,0.84,1.4,1.42,1.48,10
0.32,0.3,0.46,0.3,0.72,0.7,0.68,0.68,0.66,0.66,0.6,0.6,0.58,0.58,0.58,0.6,0.94,0.56,0.54,0.54,0.56,0.6,0.6,0.56,0.58,0.58,0.58,0.6,0.6,0.68,0.88,0.94,1.74,1.18,1.1,1.04,1.02,0.88,0.84,1,1.72,1.18,1.48,0.8,0.74,0.7,0.62,0.66,0.52,0.54,0.52,0.52,0.5,0.74,0.5,0.5,0.5,0.6,0.92,0.5,0.5,0.48,0.5,0.64,1.66,0.5,0.5,0.5,0.98,0.5,0.52,0.7,0.92,0.6,0.52,1,0.72,0.54,0.52,0.52,0.54,0.54,0.56,0.56,0.8,0.56,1.02,1.1,0.6,0.62,0.64,0.64,0.66,0.68,0.68,0.84,0.8,0.9,0.76,0.76,0.8,0.8,1.18,0.86,0.88,0.92,0.94,0.98,1.04,1.08,1.14,1.2,0.74,0.76,0.8,0.84,1.42,1.46,10,2.1
0.62,0.42,0.54,0.3,0.68,0.68,0.68,0.68,0.68,0.66,0.62,0.6,0.6,0.58,0.58,0.74,0.58,1,0.62,0.54,0.6,0.54,0.56,0.56,0.56,0.56,0.58,0.58,0.6,0.6,1,0.72,0.88,1.28,1.16,1.08,1.04,1.02,1.06,0.78,1.06,1.36,1.14,1.5,0.8,0.76,0.72,0.66,0.58,0.54,0.54,0.52,0.52,0.5,0.5,0.5,0.5,0.5,0.58,0.54,0.5,0.52,0.5,0.52,0.9,0.5,0.5,0.5,0.54,0.5,0.5,0.96,0.96,2.06,0.54,0.52,0.6,1.26,0.54,0.54,1,0.84,0.56,0.58,0.58,0.58,0.6,0.6,0.62,0.62,0.64,0.66,0.66,0.76,0.9,0.82,0.74,0.74,0.78,0.78,0.8,0.82,1.12,0.88,0.9,0.92,1.02,1,1.06,1.1,1.18,1.24,1.32,1.44,1.54,0.86,0.92,10,2.1,1.92
0.3,0.66,0.3,0.32,0.68,0.7,0.68,0.66,0.68,0.68,0.64,0.82,0.6,0.92,0.58,0.56,0.86,1.04,0.54,0.54,0.54,0.54,0.7,0.56,0.56,0.56,0.56,0.58,0.62,0.6,0.6,0.62,0.64,0.68,1.24,1.14,1.08,1.04,1.02,0.84,0.78,1.12,0.84,1.08,1.14,0.82,0.78,0.74,1.98,0.9,0.56,0.54,0.54,0.52,0.52,0.5,0.5,0.5,0.5,0.5,0.5,0.5,0.5,0.62,0.56,0.52,0.52,0.5,0.56,0.5,0.5,0.8,0.52,0.56,0.58,0.54,0.64,0.52,0.56,0.54,0.56,0.8,0.7,0.58,0.58,0.6,0.62,0.66,0.62,0.64,1.04,0.66,0.84,0.78,0.88,0.72,0.74,0.76,0.76,0.8,0.82,1.12,0.86,0.88,0.94,0.96,0.98,1.04,1.1,1.16,1.22,1.32,1.4,1.52,1.64,1.74,1.98,2.12,1.92,1.86
0.56,0.42,0.38,0.3,0.9,0.66,0.68,0.66,0.68,0.66,0.74,0.62,0.6,0.6,0.9,0.56,0.84,0.6,1,0.6,0.54,1.1,0.54,0.54,0.56,0.56,0.56,0.8,0.58,0.58,0.6,1.72,0.62,0.88,0.74,1.22,1.12,1.08,1.04,1,0.84,0.78,1.2,0.86,1.02,1.1,0.84,0.8,0.76,0.72,0.66,0.62,0.54,0.54,0.52,0.52,0.52,0.88,0.68,0.5,0.52,0.5,0.5,0.5,0.5,0.5,0.52,0.88,0.52,0.52,0.52,0.8,0.52,0.52,0.52,0.54,0.62,0.72,0.56,0.56,0.62,0.6,0.82,0.6,0.78,0.76,0.64,0.86,0.64,0.64,0.76,0.9,0.82,0.72,0.72,0.74,0.74,0.78,0.78,0.8,1.28,0.92,0.9,0.92,0.94,1,1.04,1.08,1.16,1.56,1.3,1.86,1.48,1.62,1.7,1.04,1.56,1.92,1.86,2
0.62,0.62,0.38,0.36,0.66,0.66,0.66,0.66,0.66,0.66,0.66,0.64,0.8,0.72,0.58,0.8,0.62,0.56,1.24,0.54,0.64,0.54,0.54,1.16,0.54,0.56,0.56,0.56,0.56,0.58,0.58,0.6,0.72,0.7,0.64,0.68,1.2,1.12,1.08,1.04,1,1.02,0.82,1.26,0.82,0.98,1.08,0.86,0.62,0.8,0.74,0.72,0.62,0.56,0.54,0.54,0.52,0.52,0.52,0.5,0.52,0.52,0.52,0.6,0.5,0.5,0.5,0.52,0.52,0.64,0.52,0.52,0.52,0.54,0.54,0.54,0.54,0.54,0.56,0.58,0.58,0.58,0.58,0.6,0.62,0.62,0.62,0.64,0.7,0.84,0.76,0.88,0.7,0.72,0.74,0.76,0.76,0.8,0.84,0.82,0.86,0.88,0.9,0.96,0.98,1.18,1.1,1.14,1.2,1.3,1.38,1.48,1.62,1.68,0.92,1.52,1.36,1.32,2,1.7
0.56,0.8,0.66,0.5,0.66,0.64,0.64,0.66,0.66,0.66,0.66,0.66,0.64,0.6,0.58,0.56,0.56,0.56,1.2,0.98,0.54,1.12,0.54,1.04,0.56,0.54,0.54,0.56,0.56,0.88,0.58,0.58,0.68,0.6,0.64,0.64,0.68,1.18,1.12,1.06,1.04,1,0.84,1.04,1.38,0.78,0.74,0.82,0.74,0.62,0.6,0.78,0.74,0.76,0.64,0.54,0.54,0.54,0.52,0.52,0.54,0.54,0.52,0.52,0.52,0.52,0.52,0.54,0.68,0.54,0.54,0.54,0.8,0.56,0.94,0.56,0.56,0.56,0.58,0.58,0.58,0.6,0.6,0.62,0.62,0.68,0.68,0.82,0.92,0.84,0.68,0.72,0.88,1.14,0.76,0.78,0.9,1.08,0.92,0.86,0.88,0.92,0.94,0.98,1.28,1.08,1.14,1.22,1.28,1.38,1.48,1.6,1.66,0.86,1.5,1.34,1.3,1.3,1.72,1.62
0.34,0.56,0.32,0.3,0.64,0.64,0.62,0.64,0.64,0.64,0.66,0.66,0.62,0.64,0.58,1.06,0.56,0.6,0.56,1.28,0.58,0.54,0.54,0.54,1.44,0.6,0.54,0.54,0.56,0.56,0.56,0.58,0.6,0.6,0.6,0.62,0.64,0.68,1.18,1.1,1.06,1.04,1,0.84,0.76,1.48,0.78,0.72,0.8,0.64,1.12,0.9,0.6,0.76,0.74,0.68,0.6,0.54,0.54,0.6,0.54,0.54,0.54,0.84,0.54,0.96,0.52,0.54,0.54,0.54,0.54,0.54,0.54,0.56,0.56,0.56,0.56,0.58,0.58,0.6,0.6,0.6,0.6,0.64,0.68,0.82,1.3,0.82,0.68,0.7,0.7,0.72,0.74,0.74,0.76,0.8,1.36,0.86,0.86,0.88,0.9,0.96,0.98,1.02,1.1,1.14,1.2,1.3,1.38,1.46,1.58,1.66,0.84,1.5,1.44,1.26,1.26,1.26,1.62,1.56
0.48,0.3,0.32,0.66,0.64,0.62,0.62,0.82,0.62,0.64,0.66,0.68,0.64,0.62,0.6,0.64,0.94,0.56,0.7,0.56,0.96,0.52,0.56,0.82,0.54,0.84,0.54,0.54,1.08,0.56,1.46,0.66,0.58,0.66,1.98,0.6,0.62,0.64,0.68,1.16,1.1,1.06,1.04,1,0.82,1.36,1.58,0.74,0.72,0.7,1.08,0.62,0.62,0.6,0.82,0.78,0.74,0.7,0.62,0.56,0.56,0.56,0.56,0.54,0.54,0.54,0.56,0.56,0.56,0.56,0.56,0.56,0.56,0.58,0.58,0.72,0.58,0.58,0.58,1.26,0.62,0.62,0.72,0.8,0.9,0.8,1.28,0.7,0.7,0.7,1.2,0.74,0.76,0.76,0.9,1.14,0.88,0.84,0.88,0.92,0.94,0.98,1.04,1.08,1.14,1.22,1.32,1.38,1.48,1.6,0.88,0.82,1.5,1.3,1.24,1.24,1.26,1.02,1,1.52
1,1,1,0.3,0.62,0.62,0.64,0.62,0.62,1.28,0.66,0.64,0.64,0.64,0.6,0.58,0.58,0.56,0.6,0.56,1.32,0.66,0.52,0.52,0.54,1.44,0.54,0.6,0.54,0.54,0.56,0.56,0.56,0.58,0.58,0.6,0.6,0.62,0.64,0.68,1.14,1.1,1.06,1.04,1,0.84,0.82,2.32,0.76,0.72,0.76,0.66,0.64,0.62,0.6,0.6,0.82,0.8,0.76,0.72,0.66,0.62,0.56,0.56,0.56,0.56,0.56,0.58,0.58,0.56,0.56,0.56,0.56,0.6,0.6,0.6,0.6,0.6,0.6,0.7,0.8,0.84,0.9,0.8,0.88,0.68,0.68,0.68,0.78,0.72,0.74,0.74,0.78,1.26,0.98,0.84,0.86,0.88,0.9,0.96,0.98,1.02,1.1,1.16,1.22,1.3,1.38,1.46,1.58,0.84,0.8,0.88,1.28,1.24,1.22,1.26,1.02,0.96,0.94,1.48
0.96,0.98,0.98,0.62,0.6,0.6,0.64,0.62,0.6,0.62,0.64,0.64,0.64,0.64,0.62,0.6,0.58,0.58,0.56,0.56,0.56,0.94,0.52,0.52,0.58,0.52,1.16,0.54,0.54,0.54,0.54,0.56,0.56,0.56,0.56,0.58,0.58,0.76,0.72,0.64,0.68,1.14,1.1,1.06,1.04,1.02,0.84,1.06,1.18,0.76,0.72,0.7,0.66,0.64,0.62,0.62,0.6,0.6,1.08,0.82,0.8,0.76,0.72,0.7,0.66,0.62,0.6,0.92,0.58,0.62,0.62,0.58,0.58,0.6,0.64,0.66,0.72,0.78,1.02,0.88,0.76,0.82,0.66,0.68,0.68,0.68,0.7,0.74,0.74,0.74,0.76,0.88,1.64,0.86,0.82,1.7,1.08,0.92,0.94,1,1.04,1.08,1.14,1.22,1.3,1.36,1.48,1.6,0.8,0.78,0.84,1.28,1.22,1.2,1.26,1,0.96,0.9,0.88,1.44
0.94,0.96,0.96,0.62,0.58,0.58,0.58,0.66,0.72,0.66,0.62,0.64,0.64,0.74,0.92,0.62,0.6,0.58,0.58,0.62,0.56,1.34,0.7,0.52,0.52,0.52,1.08,0.8,0.54,0.54,0.54,0.54,0.54,0.56,0.88,0.56,0.58,0.58,0.66,0.62,0.64,2.32,1.14,1.08,1.06,1.04,1.02,0.84,1.2,0.98,0.8,0.7,0.68,0.66,1.06,0.64,0.62,0.62,0.6,0.62,0.9,0.86,0.84,0.82,0.8,0.78,0.78,0.78,0.76,0.76,0.76,0.76,0.78,0.8,0.82,0.84,0.86,0.92,0.78,0.66,0.66,0.66,0.76,0.68,0.7,0.7,0.9,0.72,0.76,0.76,1.3,1.12,0.82,0.84,0.86,0.88,0.92,0.96,1,1.04,1.1,1.16,1.24,1.32,1.38,1.46,1.58,0.8,0.76,0.8,1.28,1.22,1.2,1.28,1,0.94,0.9,0.86,0.86,0.84
0.94,0.94,0.94,0.6,0.58,0.56,0.58,0.58,0.6,0.6,0.6,0.62,0.64,0.64,0.64,0.62,0.6,0.58,0.58,0.54,0.54,0.52,1.06,0.52,0.5,0.5,0.8,0.96,0.54,0.54,0.9,0.54,0.54,0.54,0.56,0.56,0.56,0.66,0.86,0.6,0.82,0.64,0.68,1.14,1.08,1.06,1.04,1.02,1.04,1.58,0.94,0.74,0.7,0.76,0.76,0.92,0.64,0.62,0.62,0.64,0.62,0.62,0.8,0.6,0.6,0.9,0.88,0.88,0.88,0.88,0.9,0.88,0.92,0.92,0.78,0.64,0.64,0.64,0.64,0.66,0.68,0.68,0.68,0.68,0.72,0.72,0.74,0.74,1.06,1.8,0.84,0.82,0.84,0.88,0.9,0.92,0.98,1,1.04,1.1,1.18,1.26,1.3,1.36,1.48,1.6,0.76,0.74,0.8,1.28,1.2,1.18,1.26,1,0.92,0.88,0.86,0.82,0.8,0.8
0.92,0.92,0.92,0.58,0.56,0.56,0.56,0.56,0.58,0.58,0.6,0.62,0.64,0.64,0.66,0.64,0.62,0.58,0.56,0.56,0.6,0.54,1.38,0.56,0.5,0.52,0.6,0.5,0.6,0.52,0.54,0.54,0.54,0.54,0.66,0.6,0.56,0.56,0.66,0.58,0.6,0.64,0.64,1.06,1.12,1.08,1.06,1.04,1.1,1.08,1.22,0.82,0.74,0.72,0.74,0.84,0.68,0.64,0.64,0.72,0.64,0.72,0.62,1.7,0.62,0.94,0.62,0.76,0.7,0.62,0.62,0.7,0.62,0.62,0.64,0.66,0.66,0.66,0.66,0.68,0.68,0.7,0.7,0.7,0.74,0.74,0.86,1.72,1.18,0.8,0.82,0.84,0.86,0.9,1,0.96,1,1.06,1.12,1.16,1.24,1.32,1.38,1.48,0.78,0.76,0.74,0.76,1.62,1.2,1.18,1.28,1,0.92,0.88,0.84,0.8,0.8,0.78,0.76
0.9,0.9,0.9,0.56,0.56,0.54,0.54,0.56,0.56,0.56,0.58,0.6,0.64,0.64,0.66,0.64,0.74,0.58,0.68,0.56,0.62,0.54,0.6,1,0.92,0.5,0.5,0.5,0.92,0.5,0.52,1.3,0.78,0.54,0.54,1.2,0.56,0.56,0.56,0.58,0.62,0.6,0.6,0.62,0.66,1.12,1.08,1.06,1.06,1.52,1.92,1.06,0.8,0.74,0.72,0.7,0.86,1.14,1.48,0.66,0.66,0.66,0.68,0.84,0.64,0.62,0.62,0.64,1.02,0.64,0.78,0.64,0.64,0.64,0.66,0.66,0.66,0.68,0.68,0.7,0.7,0.8,0.72,0.72,0.8,1.56,1.04,0.84,0.8,0.84,0.86,1.14,0.9,0.94,0.98,1.02,1.06,1.12,1.22,1.26,1.3,1.38,1.48,0.76,0.98,0.72,0.76,1.26,1.18,1.16,1.28,1,0.92,0.86,0.82,0.82,0.78,0.78,0.74,0.74
0.88,0.88,0.88,0.78,0.66,0.54,0.52,0.54,0.54,0.56,0.58,0.6,0.62,0.64,0.62,1.2,0.66,0.7,0.78,0.62,0.66,0.58,0.54,1.38,0.56,0.54,0.5,0.66,0.5,0.84,0.5,0.54,0.54,0.54,0.54,0.54,0.54,0.56,0.56,0.56,0.58,0.58,0.6,0.6,0.62,0.66,1.12,1.08,1.06,1.06,1.04,1.16,0.9,0.9,0.76,0.74,0.72,0.72,1.04,1.52,0.68,0.66,0.66,0.66,0.66,0.64,0.64,0.66,0.66,0.66,0.66,0.66,0.66,0.68,0.68,0.68,0.68,0.68,0.7,0.72,0.72,0.72,0.86,1.68,0.9,1.02,0.8,0.82,0.82,0.86,0.88,0.92,0.94,1,1.04,1.08,1.12,1.24,1.26,1.32,1.38,1.48,0.76,0.72,0.72,0.72,0.78,1.2,1.16,1.3,1,0.92,0.88,0.84,0.8,0.76,0.76,0.74,0.72,0.7
0.86,0.86,0.86,0.54,0.5,0.52,0.72,1.06,0.52,0.54,1.16,0.58,0.6,0.6,0.62,0.64,0.72,0.64,0.58,0.64,0.56,0.66,0.54,0.54,1.08,0.5,0.8,0.5,0.6,0.92,0.5,0.5,0.5,0.54,0.54,0.54,0.54,0.54,1.26,0.56,0.6,0.74,0.58,0.58,0.6,0.62,1.36,1.12,1.08,1.08,1.06,1.04,1.1,0.9,0.82,0.76,0.74,0.72,0.7,0.74,1.16,1.24,0.68,0.68,0.66,0.66,0.66,0.68,0.68,0.68,0.68,0.68,0.68,0.68,0.7,0.7,0.7,0.7,0.72,0.74,1.1,1.58,0.9,1.22,0.8,0.82,0.82,0.84,0.86,0.9,0.92,0.96,1,1.04,1.1,1.14,1.22,1.26,1.32,1.4,0.76,0.72,0.72,0.7,0.72,0.76,1.18,1.14,1.32,1.02,0.92,0.86,0.82,0.78,0.78,0.74,0.72,0.72,0.8,0.7
0.84,0.84,0.84,0.5,0.5,0.5,0.54,0.5,0.52,0.54,0.56,0.56,0.58,0.62,0.62,0.64,0.74,0.66,0.76,0.76,0.56,0.62,0.6,0.94,1.32,0.56,0.5,0.6,0.84,0.5,0.68,0.5,0.5,0.52,0.54,0.54,0.54,0.54,0.54,0.66,0.56,1.4,0.66,0.58,0.58,0.6,0.7,0.64,1.12,1.12,1.08,1.06,1.06,0.92,1.02,0.86,0.78,1.14,0.74,0.74,0.72,0.72,0.82,1.48,0.68,0.68,0.68,0.7,0.7,0.7,0.7,0.7,0.7,0.7,0.72,0.72,0.72,1.1,1.3,1,0.76,1.2,0.78,0.8,0.8,0.84,0.86,0.88,0.9,0.94,0.98,1.02,1.04,1.1,1.2,1.24,1.26,1.32,1.4,0.74,0.72,0.7,0.7,0.72,0.76,1.18,1.14,1.32,1.16,0.9,0.86,0.82,0.78,0.76,1.08,0.72,0.7,0.68,0.68,0.66
0.84,0.84,0.84,0.5,0.48,0.54,0.48,0.48,0.56,0.54,0.52,0.54,0.56,0.58,0.6,0.62,0.64,0.64,0.7,0.58,0.58,0.88,0.7,0.54,0.62,0.96,0.82,0.86,0.5,1.06,0.9,0.5,0.5,0.5,0.62,0.54,0.54,0.76,0.54,0.54,0.54,0.56,0.62,0.56,0.68,0.58,0.6,0.6,0.62,0.7,1.12,1.08,1.08,1.06,1.08,1.06,0.96,0.8,0.78,0.78,1.1,1.12,1.08,0.76,0.78,0.84,0.84,1.28,1.32,1.36,1.34,1.38,1.26,1.36,1.18,1.62,0.94,0.88,1.28,1.18,0.78,0.8,0.8,1.22,0.84,0.88,0.9,0.92,0.94,0.98,1.02,1.3,1.12,1.2,1.24,1.28,1.32,1.4,0.72,0.7,0.68,0.68,0.68,0.72,1.16,1.16,1.16,1.18,0.92,0.86,0.8,0.78,0.76,0.74,0.7,0.68,0.68,0.66,0.64,0.64
0.8,0.8,0.52,0.48,0.48,0.64,0.48,0.48,0.52,0.5,0.5,0.54,0.56,0.58,0.6,0.84,0.64,0.7,0.66,0.78,0.58,0.56,0.64,0.54,0.52,1.3,0.56,0.62,0.5,0.5,0.5,0.74,0.92,0.5,0.5,0.52,0.52,0.54,0.54,0.92,0.86,0.54,0.58,0.66,0.56,0.58,0.58,0.62,0.6,0.64,0.68,1.12,1.1,1.08,1.08,0.96,1.58,0.86,0.96,0.84,0.78,0.78,0.76,1.08,1.02,0.98,0.98,1,1,0.98,0.94,0.94,0.9,0.86,0.88,0.82,1.54,1.22,0.78,0.78,0.82,0.82,0.84,0.86,0.88,0.92,0.94,0.96,1,1.04,1.1,1.18,1.2,1.24,1.28,1.34,0.74,0.7,0.68,0.68,0.68,0.68,0.72,0.76,1.14,1.14,1.2,0.92,0.86,0.82,0.78,0.74,0.72,0.72,0.7,0.68,0.64,0.66,0.74,1.28
0.8,0.8,0.56,0.48,0.46,0.54,0.44,0.54,0.48,0.48,0.5,0.52,0.54,0.56,0.58,0.8,0.62,0.64,0.64,0.72,0.58,0.68,0.64,0.58,0.74,1.16,0.96,0.86,1.44,0.5,0.5,0.54,0.52,0.5,0.5,0.5,0.52,0.52,0.54,0.54,0.54,0.58,0.54,0.58,0.64,0.56,0.92,0.58,0.64,0.6,0.64,0.66,1.12,1.1,1.08,1.06,1.06,0.92,1.06,1.08,0.94,1.3,0.82,0.78,0.76,1.88,0.78,0.76,0.76,1.14,1.28,0.86,1.26,1.18,0.92,0.78,0.8,0.8,1.1,0.82,0.84,0.86,0.88,0.9,0.92,0.96,0.98,1.02,1.06,1.1,1.2,1.22,1.24,1.28,1.34,0.72,0.7,0.68,0.66,0.66,0.68,0.7,0.74,1.14,1.14,1.22,0.92,1.02,0.8,0.78,0.76,0.72,0.9,0.68,0.66,0.66,0.64,1.06,1.32,0.62
0.78,0.78,0.98,0.46,0.86,0.44,0.66,0.54,0.44,0.46,0.48,0.5,0.6,0.56,0.58,0.6,0.62,0.68,0.64,0.7,0.62,0.9,1.36,0.84,0.54,0.5,1.12,0.72,0.48,0.5,0.5,0.5,0.66,0.5,0.5,0.5,0.52,0.52,0.52,0.78,0.54,0.54,0.54,0.54,0.6,0.56,0.56,0.56,0.58,0.78,0.96,0.62,0.8,0.68,1.1,1.08,1.08,1.06,0.94,0.9,0.88,0.98,1.08,1.14,1.06,1.1,1.06,1.08,1.1,1.02,1.04,0.78,0.78,0.78,0.82,0.82,0.82,0.84,0.84,0.86,0.88,0.9,0.92,0.94,1,1.02,1.04,1.08,1.16,1.18,1.22,1.26,1.3,0.72,1.36,0.68,0.66,0.66,0.66,0.78,0.68,0.72,1.14,1.14,1.24,0.94,0.86,0.9,0.78,0.74,0.72,0.7,0.68,0.66,0.64,0.62,0.62,1.4,0.64,0.58
0.76,0.74,0.46,0.42,0.52,0.4,0.42,0.4,0.42,0.44,0.48,1.7,1.78,0.52,0.54,0.58,0.6,0.62,0.64,0.64,0.76,0.58,0.58,0.7,0.74,0.62,0.5,0.98,0.48,0.54,0.48,0.5,0.92,0.5,0.7,0.58,0.58,0.68,0.52,0.52,0.54,0.54,0.54,0.54,0.54,0.64,0.56,0.56,0.56,0.58,0.8,0.6,1.1,0.64,0.66,1.1,1.1,1.08,1.06,0.98,0.94,0.92,0.88,0.86,0.84,0.92,0.82,0.82,0.82,0.82,0.82,0.82,0.82,1.34,0.84,0.86,0.86,0.86,0.88,0.9,0.92,0.94,0.96,1,1.02,1.06,1.14,1.18,1.2,1.22,1.24,0.74,0.7,0.68,1.14,0.66,0.66,0.64,0.68,0.68,0.7,0.76,1.12,1.24,0.96,0.86,0.82,0.78,0.74,0.72,0.94,0.68,0.68,0.64,0.62,0.62,0.86,0.7,0.58,0.56
0.74,0.74,0.78,0.5,0.44,1.88,1.32,0.66,0.42,0.44,0.44,0.46,0.6,0.52,0.54,0.56,0.58,0.6,0.62,0.76,0.72,0.6,0.6,0.64,0.56,0.54,0.7,0.98,0.56,0.48,0.48,0.74,0.5,0.82,0.5,0.56,0.5,0.6,0.52,0.74,0.62,0.54,0.54,0.54,0.54,0.54,0.6,0.74,0.56,0.56,0.58,0.8,0.6,0.62,0.62,0.66,0.8,1.1,1.08,1.08,1.08,0.98,0.94,0.92,0.9,0.88,0.86,0.86,0.86,0.86,0.86,0.86,0.86,0.98,0.88,0.9,0.9,0.92,0.92,1.98,0.98,1,1.02,1.04,1.08,1.16,1.18,1.2,1.22,1.26,0.7,0.68,0.68,0.66,0.66,0.64,0.64,0.66,0.66,0.7,0.72,1.12,1.26,0.96,0.86,0.8,0.9,0.86,0.72,0.7,0.68,1.14,0.64,0.62,0.7,0.6,0.78,0.62,0.86,0.82
0.74,0.7,0.42,0.4,0.46,0.34,0.72,0.58,0.62,0.4,0.42,0.8,0.48,0.5,0.52,0.56,0.58,0.6,0.62,0.66,1.08,1.18,0.56,0.58,0.68,0.54,0.68,0.96,0.98,0.5,0.54,0.48,0.58,0.94,0.5,0.66,0.5,0.5,0.52,0.52,0.6,0.8,0.52,0.54,0.56,0.54,0.54,0.54,0.56,0.56,0.6,0.58,0.78,0.6,0.6,0.62,0.62,0.64,0.94,1.1,1.1,1.1,1.08,0.98,0.96,0.94,0.92,0.9,0.92,0.9,0.9,0.9,0.9,0.9,0.92,0.94,0.94,0.96,0.98,1,1.02,1.06,1.08,1.16,1.16,1.18,1.22,1.24,0.7,0.68,0.66,0.66,0.66,0.64,0.62,0.64,0.64,0.66,0.68,0.72,1.12,1.28,1.14,0.86,0.8,0.76,0.74,0.72,0.72,0.68,0.66,0.64,0.62,0.6,0.72,0.9,0.62,0.76,0.78,0.66
0.7,0.7,0.48,0.48,0.34,0.28,0.5,1.04,0.48,0.7,0.48,0.44,0.46,0.5,0.52,0.54,0.56,0.6,0.62,0.62,0.62,0.74,0.7,0.6,0.54,0.56,0.58,0.54,0.94,0.56,0.52,0.64,0.72,0.48,0.64,0.98,0.5,0.5,0.5,0.52,0.52,0.52,0.52,0.52,0.54,0.54,0.54,0.56,0.54,0.54,0.56,0.58,0.74,0.64,0.6,0.6,0.62,0.62,0.62,0.64,0.7,1.12,1.1,1.1,1.08,1,0.98,0.96,0.96,0.96,0.96,0.96,0.96,0.96,0.96,1,1,1.02,1.04,1.06,1.14,1.16,1.16,1.18,1.2,1.22,0.7,0.68,1,0.66,0.82,0.64,0.64,0.62,0.62,0.62,0.64,0.66,0.68,0.72,1.12,1.18,0.88,0.82,0.78,0.74,0.72,0.7,0.68,0.64,0.62,0.64,0.62,0.62,0.9,0.68,0.74,0.58,0.58,0.64
0.68,0.68,0.3,0.3,0.3,0.46,0.4,0.64,0.72,0.48,0.4,0.4,0.5,0.86,0.5,0.54,0.66,0.58,0.6,0.62,2.06,0.66,0.66,0.56,0.66,1.1,0.54,0.6,1.32,0.98,0.92,0.48,0.48,0.48,0.96,0.5,0.5,0.5,0.5,0.52,0.52,0.52,0.52,0.52,0.52,0.96,0.54,0.54,0.58,0.8,0.54,0.58,0.58,0.58,0.62,0.58,0.84,0.6,0.6,0.62,0.64,0.66,0.94,1.12,1.1,1.1,1.1,1.1,1.1,1.02,1.02,1.02,1.52,1.02,1.02,1.06,1.06,1.14,1.14,1.14,1.16,1.18,1.2,0.72,0.78,0.66,0.66,0.66,2.2,0.64,1.3,0.64,0.62,0.62,0.62,0.64,0.66,0.68,0.7,1.1,1.18,0.88,0.8,0.78,0.74,0.72,1.22,0.68,0.66,0.64,0.62,0.6,0.58,0.66,0.74,0.74,0.64,0.56,0.56,0.64
0.68,0.5,0.42,0.3,0.3,0.28,0.36,0.52,0.7,0.6,0.48,0.54,0.44,0.44,0.48,0.52,0.56,0.58,0.6,0.62,0.62,0.62,1.36,0.58,0.56,0.56,0.92,0.6,0.5,0.94,0.54,0.48,0.48,0.48,0.54,0.58,0.5,0.5,0.5,0.52,0.74,0.52,0.52,0.52,0.52,0.54,0.6,0.64,0.54,0.66,0.64,0.56,0.56,0.58,1.06,0.6,0.84,0.64,0.6,0.6,0.94,0.64,0.64,0.72,0.68,0.68,1.12,1.1,1.12,1.12,1.12,1.12,1.12,1.12,1.12,1.14,1.14,1.16,1.16,1.16,0.7,0.7,1.52,0.66,0.66,0.64,0.62,0.64,0.64,0.64,0.62,0.6,0.62,0.62,0.64,0.66,0.66,0.7,0.74,1.22,0.9,0.82,0.76,0.74,0.7,0.68,0.68,0.66,0.64,0.62,0.68,0.58,0.58,0.74,0.74,0.7,0.54,0.54,0.54,0.64
0.58,0.36,0.3,0.42,0.38,0.28,0.42,0.38,0.62,0.94,0.54,0.42,0.44,0.44,0.46,0.5,0.52,0.56,0.6,0.62,0.62,0.82,0.72,0.88,0.9,0.8,0.66,0.48,0.66,1.04,0.56,0.48,1.32,0.6,0.48,1.02,0.5,0.6,0.5,0.84,0.68,0.52,0.52,0.6,0.7,0.52,0.52,0.52,0.58,1.18,0.62,0.78,0.56,0.56,0.56,0.62,0.58,0.58,0.58,0.84,0.6,0.62,0.62,0.62,0.62,0.64,0.64,0.64,0.66,0.68,0.68,1.14,1.14,1.14,1.14,0.7,0.68,0.68,1,0.66,0.64,0.66,0.64,0.64,0.64,0.62,0.62,0.64,0.62,0.8,0.6,0.62,0.64,0.62,0.64,0.66,0.68,0.72,1.24,0.92,0.82,0.78,0.74,0.72,0.7,0.82,0.74,0.64,0.62,0.62,0.6,0.58,0.82,0.6,0.96,0.54,0.54,0.54,0.54,0.6
0.4,0.3,0.48,0.72,0.3,0.46,0.44,0.72,0.5,0.58,0.54,0.38,0.38,0.42,0.6,0.48,0.52,0.54,0.62,0.6,0.62,0.62,0.62,0.78,0.74,0.74,0.7,0.54,0.48,0.94,0.96,0.94,1.18,0.48,0.48,0.48,0.52,0.5,0.5,0.5,0.56,0.52,0.52,1.46,0.6,0.58,0.52,0.56,0.52,0.54,0.54,0.58,0.62,0.56,0.56,0.56,0.56,0.58,0.86,0.58,0.58,0.6,0.6,0.62,0.62,0.62,0.62,0.64,0.62,0.64,0.64,0.88,0.64,0.64,0.64,0.64,0.66,0.64,0.9,0.64,0.62,0.62,0.64,0.62,0.62,0.92,0.64,0.64,0.6,0.6,0.6,0.6,0.62,0.62,0.64,0.66,0.68,0.74,1.16,0.82,0.78,0.74,0.72,0.88,0.68,0.66,0.64,0.62,0.6,0.58,0.56,0.58,0.6,0.6,0.54,0.54,0.54,0.54,0.54,0.74
0.38,0.3,0.4,0.48,0.32,0.52,0.42,0.28,0.32,0.54,0.3,0.34,0.44,0.4,0.44,0.46,0.5,0.52,0.56,0.58,0.62,0.64,0.62,0.78,0.78,0.56,0.54,0.96,0.48,0.5,0.94,0.56,0.48,0.48,0.48,0.5,0.68,0.48,0.5,0.5,0.5,0.68,0.52,0.52,0.6,0.68,0.54,0.52,0.52,0.52,0.52,0.58,0.56,0.56,0.86,0.56,0.56,0.56,0.68,0.78,0.58,0.6,0.6,0.6,0.6,0.6,0.6,0.6,0.6,0.62,0.68,0.64,0.62,0.62,0.62,0.76,0.64,0.62,0.62,0.62,0.62,0.6,0.66,0.9,0.96,0.66,0.64,0.66,0.6,0.6,0.74,0.6,1.56,0.64,0.64,0.66,0.7,1.16,0.8,0.76,0.72,0.72,0.7,0.68,0.66,0.64,0.62,0.6,0.6,0.58,0.56,0.66,0.54,0.58,0.54,0.56,0.54,0.52,0.52,0.76
0.36,0.3,0.36,0.48,0.48,0.28,0.52,0.28,0.34,0.38,0.76,0.62,0.3,0.46,0.44,0.46,0.48,0.52,0.54,0.58,0.6,0.62,0.68,0.7,0.58,0.86,0.84,0.68,0.48,0.48,1.26,0.98,1.08,0.48,0.48,0.48,0.58,0.48,0.54,0.5,0.5,0.58,0.52,1.02,0.52,0.52,0.52,0.52,0.84,0.52,0.52,0.52,0.68,0.56,0.56,0.56,0.56,0.56,0.98,0.56,0.6,0.56,0.58,0.6,0.6,0.62,0.6,0.6,0.9,0.62,0.62,0.68,0.62,0.7,0.6,0.62,0.62,0.62,0.62,0.6,0.6,0.9,0.9,0.92,0.64,0.64,0.6,0.58,0.6,0.74,0.62,0.62,0.62,0.64,0.66,0.68,0.72,0.76,0.76,0.74,0.72,0.7,0.68,0.66,0.66,0.64,0.62,0.8,0.58,0.56,0.78,0.68,0.54,0.52,0.52,0.54,0.7,0.52,0.74,0.78
0.34,0.7,0.62,1.14,0.46,0.3,1.02,0.48,0.32,0.38,0.46,0.36,1.56,0.4,0.42,0.72,0.46,0.5,0.54,0.56,0.58,0.6,0.82,0.66,0.8,0.82,0.7,0.54,0.48,0.46,0.68,0.96,0.52,1.42,0.48,0.48,0.48,0.54,0.48,0.5,0.7,0.5,0.5,0.52,0.52,0.52,0.58,0.52,0.52,0.52,0.52,1.32,0.56,0.56,0.54,0.56,0.56,0.56,0.56,0.56,0.58,0.56,0.64,0.58,0.58,0.58,0.58,0.74,0.58,0.58,0.6,0.6,0.6,0.6,0.6,0.6,0.62,0.6,0.6,0.88,0.88,0.72,0.76,0.66,0.62,0.58,0.58,0.58,0.58,0.58,0.62,0.62,0.64,0.66,0.78,0.7,0.72,0.74,0.74,0.72,0.7,0.68,0.84,0.64,0.62,0.6,0.58,0.6,0.58,0.56,0.62,0.62,0.52,0.52,0.52,0.52,0.7,1.1,0.76,0.78
0.32,0.3,0.42,0.36,0.46,0.28,0.44,0.28,0.28,0.32,0.38,0.84,0.72,0.5,0.5,0.88,0.5,0.62,0.54,0.56,0.58,0.6,0.62,0.62,0.76,0.58,0.56,0.76,0.52,0.48,0.82,0.92,0.82,0.48,0.48,0.5,0.6,1.06,0.52,0.82,0.5,0.5,0.62,0.52,0.52,0.52,0.74,0.52,0.56,0.52,0.52,0.52,0.52,0.54,0.58,0.54,0.54,0.56,0.56,0.56,0.56,0.56,0.58,0.7,0.8,0.58,0.58,0.9,1.4,0.58,0.6,0.6,0.6,0.6,0.58,0.58,0.58,0.88,0.86,0.7,0.72,0.76,0.64,0.64,0.82,1.1,0.58,0.6,0.58,0.6,0.6,0.76,0.62,0.66,0.68,0.7,0.72,0.72,0.72,0.7,0.68,0.66,0.64,0.64,0.66,0.6,0.58,0.56,0.54,0.62,0.72,0.54,0.52,0.52,0.52,0.52,0.52,0.52,0.78,0.82
0.74,0.3,0.44,0.72,0.36,0.52,0.44,0.36,0.36,0.36,0.46,0.98,0.64,0.42,0.56,0.46,0.44,0.58,0.52,0.58,0.58,0.6,0.62,0.68,0.74,0.58,0.72,0.56,0.52,0.48,0.64,1.24,0.96,0.46,0.48,0.48,0.48,0.48,0.52,0.78,0.5,0.64,0.8,0.5,0.52,0.52,0.52,0.52,0.52,0.52,0.54,0.9,0.52,0.52,0.74,0.6,0.68,0.54,0.54,0.54,0.54,0.64,0.56,0.58,0.58,0.6,0.64,0.82,0.86,0.56,0.6,0.76,0.58,0.86,0.86,0.84,0.76,0.66,0.68,0.72,0.76,0.64,0.64,0.62,0.58,0.58,0.58,0.58,0.6,0.6,0.6,0.62,0.64,0.64,0.66,0.68,0.7,0.72,0.7,0.68,0.68,1.02,0.64,0.62,0.6,0.58,0.58,0.56,0.56,0.68,0.52,0.54,0.52,0.82,0.52,0.52,0.5,0.76,0.78,0.82
0.3,0.3,0.64,0.3,0.4,0.36,0.36,0.28,0.46,0.28,0.64,0.48,0.38,0.82,0.56,0.48,0.54,0.46,0.52,0.54,0.58,0.6,0.62,0.76,0.6,0.72,0.58,1.36,0.54,0.5,0.62,1.02,0.94,0.5,0.84,0.58,0.48,0.6,0.54,0.5,0.56,0.5,0.5,0.56,0.5,0.52,0.52,0.56,0.9,0.52,0.52,0.64,0.52,0.52,0.54,0.54,0.58,0.72,0.54,0.9,0.54,0.54,0.54,0.56,0.56,1.06,0.56,0.58,0.6,0.6,0.64,0.64,0.64,0.64,0.66,0.64,0.68,0.66,0.72,0.78,0.64,0.76,0.6,0.58,0.58,0.58,0.58,0.6,0.6,0.6,0.7,0.62,0.7,0.66,0.68,0.68,0.7,0.68,0.68,0.66,0.66,0.64,0.64,0.62,0.6,0.58,0.56,0.56,0.56,0.52,1.02,0.5,0.52,0.58,0.52,0.56,0.5,0.78,0.78,0.84
0.3,0.44,0.3,0.3,0.98,0.32,0.46,0.34,0.68,0.82,0.84,0.4,0.42,0.32,0.6,0.66,0.58,0.56,0.66,0.52,0.56,0.6,0.6,0.62,0.66,0.78,0.58,0.7,0.54,1.22,0.46,0.8,0.92,0.58,0.46,0.48,0.48,0.48,1.08,0.52,0.5,0.5,0.5,0.5,0.5,0.52,0.52,0.52,0.52,0.54,0.52,0.52,0.82,0.52,0.52,0.54,0.54,0.56,0.54,0.54,0.72,0.54,0.54,0.56,0.94,0.56,0.56,0.56,0.56,0.56,0.56,0.58,0.58,0.58,0.56,1.08,0.68,0.72,0.8,0.62,0.56,0.56,0.56,0.58,0.58,0.58,0.6,0.62,0.6,0.76,0.62,1.1,0.64,0.66,0.68,0.68,0.68,0.68,0.66,0.64,0.64,0.62,0.6,0.58,0.6,0.58,0.58,0.58,1.62,0.52,0.52,0.5,0.52,0.52,0.66,0.52,0.62,0.82,0.82,0.82
0.7,0.3,0.3,0.36,0.4,0.56,0.4,0.48,0.28,0.28,0.5,0.64,0.54,0.4,0.52,1.12,1.16,0.58,0.62,0.5,0.54,0.58,0.6,0.62,0.66,0.74,0.56,0.56,0.54,0.48,0.6,0.58,1,0.56,0.46,0.46,0.48,0.48,1.08,0.48,0.64,0.5,0.78,0.5,0.52,0.52,0.52,0.52,0.52,0.52,0.52,0.82,0.68,0.52,0.52,0.54,0.54,0.78,0.56,0.54,0.54,0.72,0.6,0.82,0.56,0.56,0.56,0.56,0.56,0.56,0.56,0.58,0.56,0.56,0.56,0.68,0.74,0.64,0.62,0.56,0.56,0.56,0.58,0.58,0.72,0.56,0.58,0.6,0.6,0.64,0.62,0.64,0.66,0.66,0.68,0.68,0.68,0.66,0.66,0.64,0.68,0.62,0.98,0.86,0.56,0.56,0.54,0.52,0.56,0.52,0.52,0.5,0.5,0.52,0.6,0.52,0.78,0.8,0.82,0.84
0.3,0.58,0.3,0.4,0.3,0.44,0.5,0.5,0.46,0.48,0.58,0.28,0.48,0.68,0.62,0.64,0.4,0.6,0.6,0.5,0.54,0.56,0.6,0.62,1.3,0.66,0.58,0.68,0.6,0.5,0.48,0.7,1.24,0.96,0.46,0.6,0.48,0.6,0.48,1.06,0.76,0.5,0.5,0.52,0.52,0.76,0.52,0.52,0.52,0.52,0.6,0.52,0.62,0.52,0.84,0.54,0.54,0.54,0.54,0.64,0.54,0.54,0.6,0.62,0.56,0.78,0.56,0.66,0.56,0.72,0.54,0.56,0.56,0.56,0.72,1.04,0.62,0.62,0.76,0.56,0.6,0.56,0.58,0.56,0.56,0.58,0.58,0.58,0.6,0.6,0.62,0.64,0.66,0.66,0.68,0.68,0.68,0.66,0.64,0.64,0.62,0.6,0.58,0.58,0.56,0.54,0.58,0.56,1.12,0.52,0.52,0.5,0.5,0.5,0.54,0.52,0.8,0.8,0.82,0.84
0.3,0.4,0.38,1.08,0.3,0.52,0.28,0.54,0.34,0.28,0.58,0.54,0.68,0.48,0.34,0.7,0.48,0.88,0.6,0.5,0.52,0.56,0.58,0.62,0.62,0.6,0.68,0.6,1.3,0.52,0.48,0.46,0.88,0.92,0.48,0.58,0.46,0.48,0.5,0.7,0.6,0.52,0.5,0.6,0.52,0.52,0.92,0.52,0.52,0.72,0.52,0.54,0.52,0.52,0.52,0.52,0.54,0.54,0.62,0.54,0.54,0.54,1.2,0.54,0.62,0.62,0.56,0.56,0.54,0.54,0.68,0.56,0.7,0.74,0.72,0.62,0.56,0.7,0.74,0.72,0.56,0.58,0.56,0.56,0.58,0.98,0.58,0.6,0.6,0.6,0.62,0.62,0.64,0.64,0.68,0.68,0.66,0.66,0.68,0.62,0.62,0.66,0.58,0.58,0.56,0.54,0.56,0.52,0.52,0.52,0.72,0.62,0.54,0.5,0.52,0.5,0.8,0.8,0.82,0.84
0.82,0.48,0.42,0.54,0.58,0.54,0.42,0.42,0.42,0.4,0.52,0.44,0.74,0.54,0.42,0.66,0.62,0.36,0.6,0.64,0.58,0.56,0.6,0.62,0.66,0.66,0.78,0.56,1.12,1.1,0.56,0.68,0.5,0.92,0.6,0.46,0.46,0.46,0.48,0.68,0.52,0.54,0.48,0.52,0.52,0.52,0.52,0.72,0.6,0.52,0.52,0.52,0.54,0.64,0.52,0.52,0.54,0.54,0.54,0.94,0.54,0.54,1.3,0.54,0.54,0.6,0.6,0.72,0.7,0.72,0.74,0.64,0.62,0.62,0.62,1.36,0.9,0.54,0.62,0.56,0.58,0.56,0.56,0.58,0.58,0.58,0.58,0.6,0.6,0.62,0.62,0.78,0.64,0.64,0.66,0.64,0.66,0.62,0.64,0.62,0.6,0.6,0.68,0.56,0.56,1.02,0.64,0.64,0.5,0.52,0.5,0.5,0.5,0.5,0.5,0.5,0.8,0.82,0.82,0.86
0.3,0.3,0.46,0.5,0.6,0.82,1.36,0.52,0.62,0.62,0.32,0.66,0.28,0.58,0.48,0.52,0.68,0.36,0.4,0.54,0.52,0.54,0.58,0.6,0.62,0.88,0.76,0.56,0.54,0.52,0.48,0.46,0.54,0.94,0.56,0.58,0.52,0.46,0.48,0.48,0.48,1,1.4,0.62,0.52,0.52,0.52,0.56,0.6,0.52,0.52,0.52,0.52,0.52,0.54,0.52,0.52,0.86,0.54,0.54,0.54,0.56,0.54,0.54,0.72,1.22,0.54,0.6,0.7,0.62,0.6,0.62,0.56,0.62,0.56,0.8,0.54,1,0.56,0.58,0.56,0.56,0.58,0.58,0.58,0.58,0.6,0.6,0.6,0.62,0.62,1.26,0.64,0.64,0.64,0.64,0.64,0.62,0.62,0.74,0.58,0.58,1.14,0.56,0.54,0.58,0.52,0.52,0.5,0.52,0.5,0.5,0.5,0.5,0.5,0.56,0.8,0.82,0.82,0.86
0.3,0.68,0.36,0.8,0.46,0.28,0.36,0.36,0.36,0.34,0.28,0.54,0.42,0.86,0.52,0.36,0.78,0.48,0.8,0.92,0.48,0.54,0.58,0.6,0.64,0.72,0.72,0.58,0.56,0.52,0.48,0.46,0.64,1.16,0.96,0.46,1.82,0.52,0.48,1.08,0.56,0.48,0.5,0.52,0.5,0.52,0.52,0.62,0.52,0.52,0.56,0.54,0.52,0.52,0.52,0.54,0.54,0.54,0.54,0.54,0.54,0.54,0.56,0.52,0.58,0.94,0.54,1.06,0.72,0.54,0.64,1.18,0.54,0.94,0.56,0.54,0.54,0.56,0.56,0.54,0.56,0.56,0.56,0.58,0.58,0.58,0.6,0.6,0.62,0.62,0.76,0.64,0.64,0.64,0.64,0.64,0.64,0.76,0.6,0.6,0.92,0.56,0.56,0.54,0.54,0.56,0.5,0.54,0.5,0.5,0.5,0.78,0.5,0.54,0.5,0.82,0.8,0.82,0.82,0.86
0.54,1.34,0.6,0.56,0.64,0.78,0.48,0.56,0.38,0.86,0.42,0.7,0.42,0.46,0.64,0.4,0.92,0.5,0.38,0.68,0.58,0.54,0.56,0.6,0.6,1.06,0.66,0.76,0.76,0.54,0.56,0.46,0.98,1.24,0.92,0.46,0.52,0.52,0.48,0.48,0.6,0.54,0.5,0.5,0.5,0.74,0.52,0.52,0.52,0.52,0.54,0.52,0.52,0.52,0.52,0.58,0.52,1.34,0.54,0.54,0.52,0.68,0.52,0.56,0.52,0.52,0.96,1.02,0.92,0.72,0.88,1.24,0.72,0.56,0.54,0.54,0.54,0.56,0.82,1.14,0.56,0.56,0.56,0.56,0.56,0.58,0.6,0.6,0.62,0.62,0.62,0.64,0.64,0.64,0.64,0.64,0.62,0.62,0.6,0.6,0.58,0.56,0.54,0.54,0.92,0.56,0.5,0.5,0.5,0.5,0.48,0.5,0.5,0.5,0.5,0.82,0.82,0.82,0.84,1.08
0.46,0.46,0.3,0.38,0.4,0.28,0.36,0.66,0.28,0.6,0.62,0.5,0.36,0.58,0.64,0.46,0.8,0.58,0.36,0.46,0.48,0.52,0.66,0.6,0.6,1,0.84,0.6,0.56,0.6,0.46,0.46,0.46,1.36,0.92,0.46,0.54,0.46,0.54,0.48,1.1,0.5,0.5,0.5,0.5,0.5,0.56,0.5,0.52,0.52,0.52,0.52,0.54,0.52,0.52,0.52,0.52,0.52,0.54,0.54,0.52,0.52,0.54,0.54,0.56,0.52,0.54,0.54,0.54,0.62,0.54,0.66,0.54,0.54,0.56,0.54,0.76,0.56,0.54,0.56,0.56,0.56,0.56,0.56,0.58,0.58,0.58,0.58,0.6,1.04,0.64,0.7,0.64,0.64,0.64,0.64,0.62,0.62,0.6,0.58,0.58,0.76,0.54,0.54,0.9,0.82,1,0.5,0.5,0.78,0.48,1.04,0.5,0.5,0.5,0.82,0.82,0.84,0.84,0.86
0.96,0.54,0.34,0.3,0.3,0.28,0.58,1.14,0.28,0.54,0.52,0.46,0.44,0.28,0.94,0.52,0.62,0.5,1.08,0.48,0.78,0.6,0.54,0.62,0.6,0.62,0.6,0.68,0.56,1.02,0.46,0.46,0.56,0.54,1.14,0.52,0.58,0.48,0.48,1.02,0.48,0.88,0.5,0.5,0.5,0.5,0.5,0.52,0.5,0.56,0.56,0.86,0.52,0.52,0.52,0.52,0.52,0.84,0.52,0.56,0.66,0.54,0.52,0.52,0.54,0.54,0.56,0.56,0.54,0.54,0.54,0.54,0.54,0.82,0.54,0.56,0.54,0.56,0.56,0.56,0.56,0.56,0.56,0.58,0.86,0.58,0.58,0.6,0.6,0.6,1.1,0.62,0.62,0.96,0.64,0.64,0.64,0.62,0.6,0.58,0.58,0.56,0.54,0.54,0.6,0.9,0.54,0.5,0.5,0.5,0.48,0.54,0.5,0.5,0.5,0.82,0.82,0.84,0.82,1.18
0.3,0.56,0.3,0.3,0.52,0.68,0.66,0.66,0.42,0.8,1.48,1.18,0.52,0.42,0.66,0.56,0.46,0.44,0.76,0.54,0.44,1.32,0.54,0.58,0.96,0.62,0.88,0.76,0.6,0.64,0.56,0.46,0.46,0.46,0.88,0.62,0.48,0.48,0.48,0.48,0.48,0.58,0.5,0.62,0.5,0.6,0.5,0.5,0.58,0.52,0.54,0.52,0.52,0.52,0.52,0.52,0.6,0.64,0.52,0.52,0.52,0.54,0.82,0.54,0.56,0.54,0.54,0.62,0.54,0.54,0.54,0.54,0.54,0.54,0.54,0.96,0.56,0.56,0.62,0.56,0.56,0.56,0.78,0.82,0.58,0.58,1,0.6,0.6,0.6,1.04,0.68,0.7,0.64,0.62,0.62,0.6,0.58,0.6,0.58,0.58,0.56,0.54,0.56,0.52,0.5,0.52,0.5,0.5,0.5,0.48,0.48,0.48,0.64,0.5,0.82,0.84,0.84,0.82,1.2
0.68,0.3,0.32,0.62,1.08,0.36,0.38,0.28,0.62,0.5,1.66,0.86,0.58,0.28,0.46,0.8,0.36,0.64,0.4,0.52,0.5,0.5,0.54,0.56,0.6,0.62,0.76,0.76,0.58,0.56,0.6,0.54,0.46,0.48,0.9,0.56,0.68,0.48,0.48,0.48,0.48,0.48,0.5,0.5,0.5,0.5,0.52,0.52,0.52,0.52,0.52,0.54,0.82,0.52,0.52,0.52,1.1,0.52,0.52,0.52,0.52,0.56,0.52,0.54,0.54,0.54,0.54,0.54,0.54,0.54,0.7,0.54,0.54,0.54,0.56,0.54,0.66,0.54,0.56,0.56,0.56,0.72,0.56,0.58,0.58,0.58,0.58,0.6,0.6,0.6,0.62,0.62,0.62,0.62,0.62,0.6,0.74,0.6,0.58,0.56,0.66,0.54,0.54,0.56,0.52,0.52,0.5,0.5,0.52,0.56,0.56,0.48,0.48,0.5,0.5,0.82,0.82,0.84,0.82,0.92
0.48,0.3,0.3,0.3,0.7,0.66,0.3,0.4,0.5,0.72,2.28,0.8,0.52,0.48,0.38,0.66,0.42,1.26,0.54,0.44,0.42,0.5,0.54,0.56,0.8,0.62,0.7,0.74,0.58,0.62,0.46,0.6,0.46,0.5,0.9,0.54,0.48,1.46,0.48,0.48,0.48,0.48,0.48,0.58,0.5,0.52,1.04,0.54,0.54,0.52,0.64,0.52,0.52,0.54,0.52,0.54,0.52,0.52,0.52,0.52,0.52,0.52,0.52,0.68,0.52,0.54,0.54,0.62,0.54,0.54,0.54,0.54,0.8,0.56,0.62,0.54,0.54,0.54,0.54,0.54,0.54,0.56,0.58,0.58,0.58,0.58,0.6,0.6,0.6,0.6,0.62,0.62,0.62,0.88,0.62,0.6,0.6,0.58,0.58,0.56,0.54,0.54,0.52,0.56,0.5,0.5,0.48,0.48,0.62,0.86,0.82,0.66,0.54,0.48,0.5,0.82,0.82,0.84,0.82,0.82
0.3,0.76,0.58,0.3,0.3,0.48,0.52,0.4,0.28,0.42,1.42,1.22,0.62,0.5,0.46,0.74,0.44,0.54,2.2,0.34,0.42,0.48,0.54,0.56,0.58,0.62,0.64,0.74,0.56,0.54,0.46,0.58,0.46,0.56,0.9,0.54,0.48,0.48,0.48,0.76,1.2,0.48,0.48,0.5,0.54,0.52,0.62,0.94,0.52,0.52,0.52,0.72,0.52,0.52,0.54,0.54,0.52,0.52,0.52,0.52,0.52,0.52,0.52,0.52,0.52,0.64,0.52,0.54,0.54,0.54,0.54,0.56,0.56,0.56,0.6,0.54,0.66,0.54,0.54,0.54,1.06,0.64,0.56,0.56,0.58,0.58,0.6,0.6,0.6,0.6,0.62,0.62,0.62,0.62,0.62,0.6,0.6,0.58,0.58,0.56,0.54,0.54,0.52,0.56,0.5,0.72,0.48,0.48,0.5,0.62,0.48,0.48,0.62,0.48,0.48,0.82,0.82,0.86,0.82,0.8
0.68,0.84,0.5,0.3,0.3,0.58,1.1,0.72,0.28,0.74,1.26,1.28,0.46,0.52,0.8,0.74,0.48,0.6,0.56,0.52,0.82,0.46,0.54,0.56,0.68,0.62,0.64,0.72,0.56,0.9,0.46,0.46,0.62,1.02,0.92,0.52,0.86,0.62,0.48,1.16,0.56,0.64,0.52,0.54,0.5,0.52,0.52,0.52,0.52,0.52,0.52,0.52,0.52,0.52,0.52,0.52,1.2,0.52,0.52,0.52,0.72,0.52,0.52,0.52,0.52,0.52,0.54,0.52,0.96,0.54,0.54,0.54,0.54,0.54,0.54,0.54,0.54,0.54,0.54,0.54,0.54,0.56,0.56,0.78,0.56,0.56,0.58,0.6,0.6,0.62,0.62,0.62,0.62,0.62,0.62,0.6,1.4,0.68,0.58,0.56,0.54,0.54,0.52,0.56,0.5,0.5,0.66,0.48,0.48,0.5,0.7,0.5,0.5,1.2,0.56,0.84,0.84,0.84,0.82,0.76
0.38,0.3,0.3,0.56,0.3,0.44,0.58,0.46,0.84,0.28,0.58,1.52,0.52,0.56,0.56,0.64,0.52,0.76,0.34,1.02,0.38,1.14,0.62,0.56,0.7,0.62,0.72,0.74,0.56,1.44,0.88,0.58,0.46,0.52,0.92,0.52,0.46,0.48,0.48,0.48,0.48,0.9,0.56,0.52,0.54,0.5,0.52,0.84,0.52,0.52,0.52,0.52,0.52,0.68,0.52,0.72,0.52,0.54,0.52,0.52,0.52,0.52,0.52,0.52,0.52,0.54,0.54,0.76,0.54,0.54,0.6,0.66,1,0.54,0.68,0.6,0.76,0.54,0.72,0.54,0.54,0.56,0.76,0.78,0.66,0.56,0.58,0.58,0.58,0.6,0.62,0.62,0.62,0.62,0.62,0.7,0.76,0.58,0.58,0.58,0.64,0.54,0.52,0.56,0.58,0.98,0.58,0.48,1.28,0.62,0.5,0.6,0.56,1.18,0.48,0.84,0.84,0.84,0.84,0.76
0.58,1,0.5,0.44,0.3,0.52,0.6,0.5,0.46,0.28,0.54,1.56,0.58,0.52,0.38,0.54,0.56,0.76,0.34,0.52,0.52,0.46,0.5,1.04,0.6,0.6,1.38,0.86,0.68,0.52,0.64,0.54,0.46,0.5,0.9,0.52,0.46,0.48,0.48,0.48,0.48,0.52,0.68,0.5,0.5,0.9,0.5,0.52,0.52,0.52,0.52,0.52,0.8,0.52,0.52,0.58,0.52,0.52,0.66,0.68,0.52,0.64,0.52,0.52,0.52,0.52,0.74,0.54,0.52,0.52,0.54,0.8,0.54,0.54,0.54,0.54,0.72,0.54,0.54,0.54,0.56,0.56,0.56,0.56,0.56,0.56,0.58,0.58,0.58,0.6,0.6,0.6,0.6,0.6,0.62,0.6,0.6,0.58,0.58,0.56,0.56,0.54,0.52,0.58,0.5,0.74,1.34,0.58,0.48,1.02,1.38,0.48,1.04,0.54,0.48,0.84,0.84,0.84,0.82,0.78
0.3,0.4,0.4,0.3,0.3,0.92,0.42,0.56,0.4,0.28,0.78,1.54,0.64,0.56,0.4,0.48,0.6,0.7,0.66,0.36,0.36,0.46,0.52,0.56,0.6,0.6,1.36,0.7,0.56,0.48,0.48,0.46,0.8,0.6,0.88,0.62,0.46,0.46,0.7,0.52,0.48,0.48,0.5,0.54,0.5,0.72,0.5,0.5,0.5,1.06,0.52,0.52,0.52,0.52,0.52,0.52,0.7,0.86,0.52,0.52,0.54,0.52,0.52,0.52,0.52,0.52,0.52,0.56,0.94,0.9,0.78,0.54,0.58,0.54,0.54,0.7,0.7,0.54,0.54,0.56,0.56,0.56,0.56,0.56,0.56,0.96,0.58,0.58,0.68,0.6,0.6,0.86,0.6,0.66,0.6,0.58,0.58,0.58,0.58,0.56,0.56,0.54,0.86,0.72,0.5,0.5,0.48,0.48,0.48,0.48,0.54,0.6,0.48,0.52,0.48,0.84,0.84,0.84,0.82,0.76
0.5,0.3,0.68,0.38,0.3,0.54,0.76,0.62,0.36,0.3,0.44,1.56,0.68,0.66,0.4,0.66,0.6,0.7,0.44,0.52,0.36,0.46,0.52,0.56,0.6,0.6,0.6,0.7,0.56,0.46,0.52,0.52,0.46,0.48,0.88,0.52,0.6,0.46,0.46,0.48,0.58,0.58,0.5,0.5,0.5,0.5,1.26,0.54,0.5,0.72,0.52,0.52,0.52,0.52,0.52,0.72,0.52,0.52,0.52,0.7,0.52,0.52,0.52,0.52,0.52,0.52,0.52,0.52,0.52,0.6,0.52,0.54,0.54,0.58,0.54,0.54,0.52,0.54,0.54,0.56,0.6,0.78,0.56,0.56,0.56,0.58,0.8,0.6,0.58,0.6,0.6,0.6,0.6,0.6,0.6,0.62,0.58,0.58,0.56,0.54,0.54,1.2,0.54,0.66,0.5,0.54,0.52,0.48,0.48,0.48,0.74,0.46,0.48,0.48,0.48,0.84,0.84,0.86,0.82,0.74
0.6,0.3,0.5,0.48,0.34,0.52,0.72,0.66,0.28,0.38,0.48,1.6,0.7,0.58,0.84,0.78,0.62,0.74,0.48,0.36,0.42,0.44,0.52,0.56,0.6,0.6,0.6,0.7,0.64,0.46,0.52,0.6,0.46,0.6,0.86,0.52,0.46,0.46,0.46,0.48,1.02,0.5,0.5,0.5,0.5,0.5,0.5,0.56,0.58,0.82,0.6,0.64,0.52,0.52,0.52,0.52,0.52,0.52,0.52,0.52,0.52,0.52,0.52,0.54,0.52,0.6,0.64,0.52,0.52,0.52,0.52,0.52,0.54,0.56,0.54,0.56,0.54,0.52,0.54,0.54,0.6,0.56,0.56,0.56,0.56,0.58,0.58,0.58,0.58,0.6,0.6,0.6,0.6,0.6,0.6,0.6,0.58,0.58,0.56,0.62,0.56,0.52,0.52,0.56,1.14,0.8,0.5,0.52,1.16,0.84,0.48,0.92,0.46,0.58,0.48,0.84,0.84,0.86,0.82,0.74
0.42,0.48,0.36,0.56,0.3,0.58,0.68,0.28,0.38,0.3,0.66,1.64,0.7,0.54,0.8,0.44,0.64,0.66,0.5,0.36,0.38,0.44,0.52,0.64,0.6,0.62,0.62,0.74,0.54,0.74,0.64,0.74,1,0.58,0.86,0.5,0.92,0.66,0.46,0.48,0.56,0.48,1,0.5,0.5,0.56,0.52,0.52,0.52,0.52,0.68,0.52,0.5,0.52,0.52,0.58,0.52,0.52,0.52,0.52,0.52,0.52,0.78,0.52,1.06,0.52,0.6,0.72,0.8,0.86,0.78,0.68,0.64,0.76,0.52,0.54,0.6,0.54,0.54,0.54,0.54,0.54,0.56,0.56,0.56,0.58,0.58,0.58,0.78,0.6,0.6,0.6,0.6,0.6,0.6,0.6,0.58,0.58,0.56,0.56,0.54,0.62,0.82,0.58,0.5,0.48,0.7,0.48,0.48,0.48,0.48,0.48,0.46,0.68,0.48,0.84,0.84,0.86,0.84,0.76
0.3,0.74,0.68,0.3,0.3,0.94,0.56,0.48,0.28,0.54,0.58,1.48,0.66,0.52,0.72,0.58,1.18,0.54,0.48,0.36,0.38,0.5,0.52,0.56,0.6,0.62,0.88,0.64,0.54,1.02,0.46,1.12,0.5,1.2,0.86,0.48,0.48,0.48,0.48,0.54,0.6,0.7,0.5,0.6,0.52,0.52,0.52,0.52,0.52,0.58,0.52,0.56,0.52,0.52,0.52,0.64,0.52,0.52,0.9,0.52,0.6,0.6,0.52,0.52,0.88,0.82,0.52,0.52,1.44,1.82,0.64,0.52,0.52,0.7,0.52,0.52,0.6,0.56,0.54,0.54,0.54,0.54,0.54,0.54,0.54,0.58,0.58,0.58,1,0.6,0.6,0.6,0.6,0.6,0.6,0.6,0.6,0.58,0.78,0.56,0.54,0.54,0.52,0.58,0.5,0.48,0.6,0.48,0.78,0.72,0.58,0.48,0.46,0.56,0.46,0.84,0.86,0.86,0.84,0.76
0.6,0.6,0.46,0.3,0.62,0.96,0.42,0.5,0.34,0.4,0.5,1.38,0.62,0.52,0.4,0.42,0.62,0.56,0.46,0.38,0.38,0.48,0.52,0.56,0.58,0.84,0.6,0.6,0.6,0.74,0.56,0.46,0.48,1.12,0.88,0.48,0.56,0.48,0.48,0.48,0.48,0.54,0.62,0.5,0.52,0.52,0.52,0.52,0.54,0.52,0.52,0.52,0.52,0.52,0.5,0.52,0.52,0.52,0.52,0.52,0.52,0.52,0.52,0.52,0.52,1.72,0.52,0.58,0.58,0.58,0.58,0.56,0.52,0.54,0.54,0.7,0.52,0.92,0.56,0.54,0.54,0.54,0.54,0.54,0.54,0.74,0.56,0.56,0.58,0.6,0.6,0.7,0.6,0.6,0.78,0.6,0.64,0.58,0.58,0.88,0.56,0.54,0.52,0.52,0.62,0.64,0.5,0.48,0.48,0.54,0.52,0.48,0.48,0.6,0.46,0.84,1.04,0.86,0.84,0.76
0.3,0.3,0.3,0.68,0.3,0.72,0.42,0.34,0.44,0.56,0.44,1.38,0.62,0.52,0.4,0.44,0.64,1.14,0.4,0.36,0.38,0.6,0.66,0.56,0.6,0.62,0.6,0.54,0.48,0.54,0.9,0.82,1,0.98,0.48,0.66,1.08,0.48,0.48,0.48,0.48,0.48,0.72,0.5,0.5,0.52,0.52,0.64,0.52,0.52,0.52,0.52,0.52,0.52,0.52,0.54,0.5,0.52,0.52,0.52,0.52,0.52,1.08,1.08,0.58,0.68,0.98,1.16,0.52,0.52,0.58,0.58,0.6,0.6,0.82,0.62,0.68,0.62,0.62,0.56,0.54,0.54,0.54,0.54,0.54,0.56,0.56,0.56,0.56,1.38,0.58,0.6,0.6,0.6,0.6,0.6,0.6,0.6,0.58,0.56,0.56,0.8,0.54,0.52,0.56,0.5,0.48,0.48,0.46,0.48,0.8,0.48,0.48,0.7,0.54,0.84,0.86,0.86,0.86,0.78
0.78,0.3,0.3,1.28,0.48,0.3,0.38,0.34,0.44,0.28,0.44,1.4,0.6,0.5,0.38,0.46,0.62,0.82,0.42,0.46,0.38,0.48,0.52,0.58,0.6,0.62,0.58,0.54,0.54,0.46,0.6,0.46,1.28,0.88,0.48,0.48,0.88,0.48,0.68,0.58,0.48,0.5,0.5,0.64,0.5,0.5,1.06,0.52,0.52,0.6,0.52,0.64,0.52,2.64,0.76,0.54,0.5,0.5,0.62,0.52,0.52,0.52,0.52,0.58,0.52,0.6,0.52,0.52,0.52,0.52,0.52,0.52,0.52,0.58,0.6,0.58,0.54,1.12,0.68,0.66,0.56,0.54,0.54,0.54,0.54,0.56,0.56,0.56,0.56,0.6,1,0.92,0.58,0.58,0.58,0.6,0.6,0.6,0.58,0.58,0.56,0.56,0.9,1.46,0.6,0.5,0.6,0.48,0.48,0.54,0.48,0.48,0.48,1.68,0.46,0.46,0.84,0.88,0.86,0.82
0.3,0.6,0.3,0.32,0.32,0.7,0.28,0.58,0.54,1.12,0.68,1.46,0.58,0.5,0.86,0.46,0.52,0.42,0.38,0.36,0.64,0.4,0.52,0.58,0.6,0.8,0.66,0.52,0.44,0.46,0.46,0.52,0.6,0.86,0.5,0.46,0.48,0.52,0.48,0.5,0.5,0.5,0.8,0.5,0.5,0.52,0.5,0.78,0.52,0.52,0.54,0.52,0.52,0.52,0.52,0.52,0.62,0.5,0.52,0.52,0.52,0.58,0.52,0.52,0.52,0.52,0.52,0.52,0.62,1.32,0.52,0.52,0.52,0.52,0.52,0.58,0.6,0.86,0.76,0.54,0.66,0.56,0.54,0.54,0.54,0.56,0.62,0.56,0.64,0.76,0.98,0.68,0.58,0.58,0.6,0.6,0.58,0.58,0.58,0.74,0.56,0.56,0.54,0.66,0.82,0.84,0.48,0.48,0.48,0.48,0.64,0.48,0.48,0.76,0.56,0.46,0.84,0.86,0.86,0.82
0.82,0.3,0.3,0.3,0.44,0.64,0.66,0.8,0.44,0.3,1.44,1.7,0.54,0.62,0.38,0.5,0.68,0.46,0.6,0.38,0.46,0.4,0.52,0.58,0.6,1.12,0.66,0.46,0.64,0.46,0.46,0.48,1.12,0.86,0.48,0.46,0.48,0.48,0.5,0.88,0.5,0.5,0.5,0.5,0.54,0.5,0.68,0.5,0.5,0.54,0.52,0.94,0.52,0.52,0.52,0.52,0.68,0.52,0.52,0.62,0.6,0.52,0.52,0.52,0.66,0.52,0.52,0.52,0.54,0.72,0.52,0.52,0.52,0.56,0.52,0.52,0.54,0.58,0.56,0.54,0.54,0.66,0.56,0.54,0.54,0.54,0.56,0.56,0.8,0.56,0.7,0.58,0.64,0.58,0.6,0.9,0.6,0.58,0.58,0.56,0.56,0.54,0.54,0.54,0.54,0.56,0.5,0.48,0.48,0.46,0.58,0.54,0.48,0.78,0.72,0.96,0.84,0.86,0.86,0.84
0.3,0.3,0.36,0.82,0.3,0.5,0.48,0.46,0.28,0.46,1.68,0.84,0.54,0.46,0.36,0.54,0.74,0.38,0.62,0.62,0.42,0.42,0.54,0.6,0.6,0.64,0.62,0.56,0.7,0.44,0.46,0.46,0.96,0.48,0.52,0.48,0.46,0.48,0.56,0.48,0.58,0.5,0.68,0.54,0.8,0.54,0.58,0.52,0.52,0.7,1.38,0.72,0.52,0.52,0.78,0.52,0.52,0.74,0.52,0.82,0.5,0.52,0.52,0.52,0.52,0.52,0.52,0.52,0.54,0.56,0.58,0.52,0.52,0.52,0.52,0.52,0.52,0.52,0.58,0.58,0.54,0.54,0.56,0.56,0.54,0.54,0.64,0.56,0.56,0.56,0.58,0.58,0.58,0.58,0.6,0.6,0.6,0.6,0.64,0.94,0.56,0.54,1.48,0.52,0.5,0.6,0.5,1.06,0.58,0.58,0.5,0.46,0.46,0.48,0.68,0.5,0.84,0.86,0.86,0.84
0.3,0.32,0.42,0.3,0.72,0.84,0.7,0.62,0.28,0.32,1.52,0.6,0.54,0.44,0.38,0.66,0.42,0.44,0.66,0.38,0.4,0.6,1.06,0.6,0.6,0.92,0.48,0.58,0.46,0.44,0.6,0.54,0.86,0.48,0.5,0.48,0.48,0.5,0.5,0.5,0.54,0.5,0.52,0.52,0.52,0.72,0.52,0.52,0.52,0.7,0.5,0.5,0.54,0.52,0.52,0.52,0.52,0.58,0.52,0.54,0.5,0.52,0.52,0.52,0.52,0.52,0.52,0.52,0.62,0.52,0.54,0.56,0.52,0.52,0.52,0.66,0.54,0.62,0.52,0.58,0.6,0.52,0.64,0.56,0.58,0.54,0.56,0.56,0.56,0.56,0.56,0.58,0.58,0.58,0.6,0.6,0.6,0.6,0.58,0.58,0.84,0.56,0.54,0.52,0.52,0.72,0.62,0.48,0.88,0.52,0.48,0.54,0.56,0.48,0.48,0.6,0.46,0.84,1.1,0.88
0.8,0.3,0.3,0.3,0.36,0.54,0.38,0.46,0.28,0.4,1.16,0.58,0.52,0.42,0.52,0.78,0.5,0.56,0.62,0.4,0.4,0.42,0.56,0.68,0.6,0.84,0.52,0.68,0.46,0.46,0.46,0.88,0.86,0.48,0.62,0.48,0.68,1.14,0.5,0.5,0.5,0.5,0.64,0.52,0.76,0.52,0.52,0.66,0.52,0.54,0.52,0.5,0.5,0.52,0.52,0.52,1.1,0.52,0.52,0.58,0.52,0.52,0.52,0.56,0.66,0.9,0.6,0.62,0.8,0.82,0.82,0.8,0.62,0.62,0.6,0.6,0.52,0.52,0.54,0.52,0.52,0.6,1.04,0.78,0.8,0.54,1.18,0.58,0.56,0.56,0.56,0.58,0.58,0.66,0.84,0.66,0.6,0.6,0.6,0.58,0.58,0.56,0.56,0.98,0.52,0.84,0.58,0.48,1.02,0.64,0.52,0.46,0.56,0.46,0.46,0.52,1,0.86,0.86,0.88
0.9,0.3,0.3,0.5,0.42,1.06,0.34,0.54,0.28,0.38,1.1,0.58,1.06,0.8,0.5,0.66,0.34,0.42,0.38,0.6,0.4,0.6,0.56,0.58,0.58,0.6,0.46,0.46,0.46,0.46,0.54,0.94,0.48,0.48,0.7,0.48,0.48,0.54,0.5,0.84,0.5,0.5,0.5,0.52,0.52,0.52,0.52,0.82,0.52,0.52,0.52,0.5,0.5,0.52,0.52,0.52,0.52,0.58,0.86,0.62,0.52,0.52,0.52,0.58,0.82,0.52,0.54,0.52,0.52,0.52,0.52,0.54,0.54,0.52,0.84,0.82,0.64,0.68,0.52,0.52,0.52,0.66,0.6,0.54,1.18,0.56,0.68,0.56,0.56,0.56,0.56,0.58,0.58,0.58,0.6,0.6,0.6,1.08,0.64,0.6,0.58,0.58,0.56,0.96,0.54,0.82,0.56,0.66,0.48,0.52,0.54,0.58,0.72,0.78,0.72,0.6,0.5,0.86,0.86,0.88
0.3,0.64,0.42,0.3,0.3,0.5,0.84,0.66,0.42,0.58,1.04,0.52,0.62,0.4,0.48,0.58,0.54,0.36,0.4,0.46,0.42,0.54,0.58,0.7,0.6,0.56,0.48,0.46,0.46,0.46,0.68,0.86,0.46,0.62,0.48,0.48,0.54,0.5,0.5,0.5,0.82,0.5,0.5,0.5,0.52,0.52,0.52,0.52,0.52,0.52,0.96,0.52,0.52,0.5,0.5,0.52,0.52,0.52,0.52,0.52,0.52,0.6,0.54,0.54,0.62,0.52,0.52,0.52,0.54,0.54,0.54,0.52,0.54,0.7,0.52,0.52,0.52,0.84,0.64,0.64,0.52,0.52,0.6,0.58,0.68,0.52,0.58,0.58,0.54,0.56,0.56,0.56,0.58,0.58,0.58,0.6,0.6,0.6,0.6,0.64,0.74,1.02,0.56,0.56,0.54,0.52,0.54,0.68,0.48,0.48,0.48,0.48,0.46,0.52,0.46,0.46,0.66,0.48,0.86,0.88
0.32,0.38,0.34,0.52,0.84,0.5,0.74,0.28,0.3,1.78,0.82,0.5,0.92,0.62,0.62,0.5,0.36,0.76,0.4,0.42,0.42,0.42,0.76,0.58,0.62,0.6,0.48,0.48,0.46,0.46,1.06,0.86,0.46,0.56,0.54,0.48,0.62,0.76,0.5,0.58,0.5,0.5,0.5,0.5,0.5,0.62,0.52,0.7,0.52,0.52,0.52,0.52,0.52,0.5,0.5,0.5,0.52,0.52,0.52,0.58,0.82,0.52,0.52,0.62,0.74,0.68,0.64,0.64,0.64,0.64,0.62,0.64,0.66,0.64,0.86,0.74,0.64,0.52,0.64,0.84,0.66,0.66,0.62,0.58,0.58,0.58,0.52,0.56,0.58,0.54,0.54,0.54,0.58,0.58,0.58,0.6,0.6,0.6,0.6,0.6,0.6,0.6,0.58,0.56,0.56,0.54,0.52,0.5,0.6,0.54,0.58,1.02,0.56,0.46,0.64,0.46,0.46,0.9,0.84,0.88
0.3,0.3,0.3,0.44,0.62,0.4,0.3,0.28,0.3,1.38,0.56,0.48,0.7,0.56,0.7,0.42,0.54,0.42,0.52,0.42,0.48,0.68,0.52,0.46,0.62,0.48,0.5,0.74,0.46,0.52,0.88,0.52,0.5,0.48,0.5,0.52,0.5,0.5,0.5,0.6,0.52,0.52,0.52,0.52,0.52,0.5,0.5,0.52,0.52,0.52,0.52,0.86,0.52,0.52,0.68,0.5,0.5,0.52,0.82,0.52,0.66,0.82,0.7,0.94,0.74,0.58,0.52,0.52,0.56,0.52,0.52,0.54,0.52,0.62,0.62,0.82,0.64,0.54,0.52,0.64,0.52,0.84,0.66,0.66,0.7,0.58,0.62,0.54,0.56,0.58,0.54,0.54,0.54,0.68,0.62,0.58,0.86,0.6,0.6,0.6,0.62,0.6,0.58,0.58,0.56,0.54,0.54,0.52,0.62,0.48,0.48,0.58,0.48,0.48,0.64,0.74,0.54,0.52,0.46,0.96
0.48,0.54,0.44,0.38,0.94,0.4,0.38,0.66,0.34,1.06,0.88,0.88,1.02,0.74,0.74,0.56,0.6,0.42,0.62,0.52,0.44,0.44,0.46,0.64,0.52,0.48,0.46,0.62,0.46,0.48,0.84,0.5,0.78,0.48,0.5,0.52,0.5,0.5,0.52,0.52,0.52,0.52,0.52,0.52,0.54,0.84,0.74,0.5,0.52,0.52,0.56,0.52,0.6,1.16,0.52,0.52,0.8,0.52,0.52,0.76,0.52,0.52,0.52,0.52,0.52,0.52,0.54,0.52,0.52,0.52,0.52,0.52,0.52,0.52,0.54,0.54,0.58,0.6,0.64,0.54,0.52,0.7,0.68,0.84,0.68,0.7,0.62,0.6,0.54,0.56,1.3,0.54,0.54,0.56,0.56,1.08,0.66,0.58,0.6,0.62,0.62,0.6,0.6,0.58,0.58,0.92,0.54,0.52,0.72,0.56,0.48,0.46,0.48,0.48,0.48,0.72,0.46,0.46,0.98,0.84
0.64,0.3,0.5,0.8,0.46,0.38,0.38,0.56,1.06,0.92,0.58,0.58,0.56,0.52,0.58,0.46,0.58,0.42,0.4,0.42,0.44,0.46,0.46,0.68,0.56,0.62,0.52,0.46,0.48,0.88,0.48,0.68,0.48,0.48,1.12,0.5,0.56,0.5,0.52,0.52,0.52,0.52,0.52,0.52,0.52,0.52,0.7,0.5,0.52,0.52,0.52,0.52,0.52,0.52,0.52,0.52,0.52,0.82,1.46,0.52,1.06,0.52,0.58,0.54,0.56,0.52,0.54,0.54,0.52,1.02,0.8,0.52,1.02,0.52,0.54,0.54,0.54,0.52,0.58,0.76,0.64,0.52,0.54,0.6,0.86,0.68,0.7,0.9,0.6,0.54,0.54,0.74,0.54,0.54,0.68,0.56,0.56,0.58,0.58,0.6,0.6,0.62,0.6,0.6,0.58,0.58,0.56,0.54,0.8,0.5,1.02,0.48,0.46,0.54,0.48,0.46,0.78,0.46,0.46,0.86
0.3,0.72,0.5,0.46,1.02,0.58,0.52,0.4,1.58,0.58,0.54,0.52,0.62,0.54,0.48,0.38,0.42,0.72,0.42,0.44,0.44,0.46,0.46,0.6,0.5,0.46,0.46,0.64,0.5,0.84,0.5,0.52,0.48,0.48,0.48,0.5,0.5,0.72,0.5,0.5,0.58,0.52,0.52,0.52,0.6,0.52,0.56,0.52,0.5,0.5,0.52,0.82,0.52,0.58,0.52,0.9,1.76,0.58,0.52,1.08,0.88,0.52,0.6,0.56,0.68,0.92,0.52,0.6,0.54,1.16,0.52,0.54,0.52,0.52,0.52,0.54,0.54,0.54,0.52,0.52,0.56,0.6,0.78,1.28,0.52,0.52,0.84,0.7,0.96,0.6,1.06,1,0.6,0.54,0.56,0.56,0.56,0.58,0.58,0.58,0.6,0.6,0.6,0.6,0.6,0.58,0.56,0.56,0.54,0.52,0.62,0.48,0.56,0.78,1,0.48,0.64,0.46,0.72,0.48
0.3,0.3,0.48,0.64,0.88,0.3,0.3,0.46,1.3,0.54,0.58,0.64,0.5,0.84,1.04,0.62,0.62,0.42,0.58,0.42,0.44,0.44,0.72,0.48,0.48,0.48,0.96,0.5,0.88,0.46,0.48,0.48,0.48,1.28,0.5,0.72,0.5,0.52,0.6,0.5,0.82,0.52,0.52,0.62,0.52,0.52,0.52,1.18,0.52,0.54,0.5,0.52,0.8,0.6,0.6,0.52,0.62,0.52,0.52,0.64,0.52,0.52,0.92,0.88,0.62,0.52,1.66,0.52,0.54,0.52,0.52,0.52,0.7,0.52,0.52,0.52,0.86,0.54,0.52,0.52,0.52,0.52,0.58,0.64,0.54,0.52,0.52,0.86,0.96,0.88,0.6,0.58,0.54,0.62,0.62,0.56,0.56,0.56,0.58,0.58,0.6,0.6,0.6,0.6,0.94,0.58,0.58,0.56,0.54,0.54,0.52,0.56,0.48,0.46,0.46,0.46,0.48,0.46,0.88,0.48
0.34,0.38,0.66,0.62,0.38,0.3,0.56,0.46,0.92,0.5,0.82,0.74,0.4,0.62,0.38,0.4,0.8,0.42,0.42,0.52,0.46,0.58,0.94,0.48,0.56,0.78,0.46,0.54,0.84,0.54,0.5,0.5,0.5,0.5,0.5,0.56,0.52,0.5,0.52,0.56,0.52,0.5,0.52,1.24,0.52,0.52,0.62,0.52,0.52,0.52,0.66,0.5,1.46,0.6,0.58,0.56,0.52,0.52,0.52,0.52,0.52,0.6,0.52,0.52,0.52,0.7,0.52,0.52,0.66,0.54,0.52,0.52,0.52,0.52,0.52,0.52,0.52,0.54,0.54,0.52,0.54,0.52,0.8,0.56,0.56,0.82,0.52,0.52,0.54,0.86,0.88,0.58,0.6,0.54,0.64,0.56,0.56,0.56,0.58,0.58,0.58,0.6,0.6,0.6,0.6,0.58,0.58,0.56,0.54,0.54,0.52,0.52,1.06,0.58,0.52,0.46,0.62,0.48,0.5,0.8
0.42,0.96,0.44,0.92,0.72,0.76,0.3,1.46,0.6,0.62,0.78,0.52,0.52,0.5,0.38,0.4,0.42,0.42,0.46,0.44,0.46,1.06,0.52,0.48,0.48,0.6,0.48,0.84,0.64,0.5,0.5,0.58,0.62,0.5,0.5,0.94,0.52,0.52,0.64,0.52,0.52,0.52,0.5,0.5,0.52,0.84,0.52,0.52,0.52,0.52,0.54,0.66,0.78,0.54,0.52,0.52,0.52,0.52,0.96,0.52,0.84,0.54,0.56,0.6,0.6,0.64,0.52,0.62,1.1,0.52,0.54,0.52,0.68,0.52,0.52,0.52,0.52,0.52,0.54,0.54,0.52,0.62,0.56,0.58,0.54,0.56,0.62,0.52,0.52,0.54,0.86,0.88,0.58,0.88,0.54,0.68,0.56,0.56,0.56,0.58,0.58,0.6,0.6,0.6,0.6,0.6,0.58,0.58,0.56,0.64,0.52,0.52,0.56,0.5,0.48,0.76,0.46,0.46,0.48,0.48
0.3,0.7,0.56,0.54,0.42,0.36,1.08,1.28,0.54,0.72,0.64,0.4,0.8,0.58,0.7,0.4,0.42,1.08,0.58,0.8,0.46,0.5,0.46,0.46,0.48,0.48,0.5,0.82,0.54,0.48,0.48,0.54,0.5,0.5,0.52,0.52,0.52,0.52,0.52,0.52,0.52,0.52,0.52,0.52,0.74,0.52,0.52,0.52,0.8,0.52,0.66,0.52,0.58,0.52,1.28,1.16,0.76,0.84,0.52,0.54,0.78,0.64,0.52,0.7,0.52,0.52,0.56,0.64,0.64,0.66,0.54,0.52,0.52,0.52,0.56,0.52,0.82,1.06,0.52,0.54,0.54,0.52,0.52,0.52,0.52,0.52,0.72,0.52,0.54,0.52,0.52,0.84,0.88,0.6,0.62,0.84,0.62,0.56,0.56,0.56,0.58,0.58,0.6,0.6,0.62,0.62,0.6,0.6,0.58,0.56,1.3,1.14,0.5,0.58,0.48,0.48,0.46,0.46,0.72,0.48
0.64,0.62,0.38,0.58,0.56,0.32,0.96,0.84,0.5,0.64,0.76,0.44,0.58,0.38,0.5,0.4,0.5,0.46,0.54,0.46,1.24,0.48,0.58,0.46,0.46,0.62,0.82,0.48,0.48,0.48,0.52,0.5,0.5,0.5,0.5,0.78,0.52,0.52,0.52,0.52,0.52,0.52,0.52,0.52,0.5,0.66,0.52,0.52,0.58,0.98,0.52,0.52,0.6,0.5,0.72,0.72,0.62,0.54,0.52,0.5,0.54,0.88,0.96,1.16,0.52,0.52,0.52,0.52,0.52,0.5,0.5,0.64,0.52,0.76,0.84,1.38,0.52,0.54,0.64,0.52,0.68,0.52,0.52,0.52,0.52,0.52,0.52,0.54,0.56,0.58,0.52,0.52,0.56,0.86,0.94,0.6,0.8,0.7,0.92,0.56,0.7,0.58,0.6,0.6,0.62,0.62,0.62,0.6,0.6,0.58,0.56,0.54,0.52,0.5,0.56,0.52,0.46,0.46,0.48,0.48
0.84,0.64,0.5,0.48,0.3,0.34,1.56,0.56,0.46,0.6,0.74,0.98,0.6,0.4,0.78,0.42,0.42,0.54,0.54,0.5,0.48,0.48,0.48,0.48,0.46,0.48,0.84,0.62,0.5,0.5,0.94,0.5,0.52,0.52,0.76,0.5,0.52,1.2,0.52,0.52,0.52,0.52,0.7,0.52,0.52,0.5,0.52,0.64,0.58,0.54,0.52,0.52,0.5,0.72,0.6,0.52,0.54,0.6,1.2,0.6,0.5,0.66,0.5,0.64,0.52,0.52,0.56,0.52,0.64,0.5,0.5,0.5,0.52,0.52,0.52,1.16,0.52,0.52,0.86,0.54,0.54,0.52,0.52,0.64,0.52,0.52,0.52,0.52,0.54,0.56,0.52,1.22,0.52,0.54,0.86,0.92,0.6,0.74,0.6,0.8,0.56,0.58,0.58,0.6,0.6,0.62,0.62,0.62,0.6,0.6,0.58,0.58,0.54,0.52,0.5,0.66,0.48,0.46,0.54,0.48
0.72,0.4,1.04,0.34,0.62,0.52,0.9,0.8,0.44,0.42,0.4,0.7,0.4,0.4,0.42,0.42,0.44,0.46,0.48,0.52,0.48,0.48,0.48,0.48,1,0.84,0.56,0.62,0.5,0.58,0.5,1.16,0.6,0.88,0.76,0.52,0.52,0.52,0.52,0.52,0.52,0.52,0.52,0.52,0.9,0.78,1.04,0.66,0.64,0.52,0.52,0.52,0.58,0.5,0.5,0.9,0.98,0.52,0.56,0.5,0.5,0.5,0.68,0.66,0.62,0.56,0.58,0.64,1,0.72,0.66,0.7,0.76,0.56,0.52,0.54,0.78,0.86,0.52,1.14,0.52,0.88,0.52,0.62,0.72,0.52,0.74,0.52,0.66,0.54,0.52,0.52,0.56,0.52,0.54,0.84,0.96,0.58,0.68,0.56,1.94,0.56,0.58,0.62,0.6,1.52,0.62,0.62,0.62,0.6,0.6,0.58,0.56,0.54,0.52,0.5,0.78,0.46,0.6,0.48
0.62,0.38,0.46,0.48,0.38,1.4,0.64,0.48,0.48,0.52,0.52,0.5,0.5,0.66,0.46,0.44,0.52,0.46,0.5,0.48,0.48,0.48,0.48,0.5,0.84,0.76,0.76,0.5,0.68,0.52,0.9,0.52,0.74,0.6,0.6,0.52,0.52,0.52,0.52,0.52,0.52,0.52,0.52,0.62,0.62,0.68,0.64,0.5,0.52,0.52,0.74,0.52,0.5,1.3,0.6,0.78,0.56,0.6,0.86,0.58,0.5,0.64,0.82,0.78,0.84,0.7,0.86,0.5,0.5,0.5,0.5,0.68,0.5,0.74,0.82,0.52,0.54,0.68,0.52,0.52,0.52,0.5,0.96,1,0.66,0.56,0.52,0.52,0.52,0.52,0.52,0.52,0.56,0.56,0.52,0.54,0.8,0.88,0.58,0.6,0.9,0.6,0.58,0.58,0.6,0.6,0.62,0.62,0.64,0.62,0.92,0.72,0.58,0.76,0.54,0.6,0.5,0.48,0.7,0.5
1.02,0.34,1.04,0.3,0.7,1.24,0.52,0.46,0.52,0.42,0.78,0.38,0.9,0.42,0.78,0.44,0.46,0.46,0.6,0.5,0.5,0.48,0.48,0.72,0.82,0.58,0.48,0.52,0.56,0.62,1.4,0.52,0.52,0.52,0.52,0.52,0.68,0.52,0.52,0.52,0.52,0.52,0.7,0.66,0.64,0.7,0.5,0.5,0.52,0.52,0.52,1.52,0.5,0.5,0.5,0.62,1.28,0.5,0.8,0.86,0.5,0.5,0.5,0.84,0.48,0.5,0.5,0.5,0.5,0.66,0.64,0.5,0.68,0.56,0.62,0.52,0.52,0.58,0.84,0.5,1.06,0.58,0.5,0.52,1.12,0.56,1.22,0.62,0.68,0.54,0.66,0.64,1,0.52,0.56,0.66,0.54,0.54,0.86,0.6,0.6,0.56,0.62,0.58,0.58,0.6,0.6,0.62,0.64,0.64,0.62,0.98,0.6,0.58,0.56,0.6,0.5,0.6,0.48,0.5
0.34,0.5,0.3,0.38,1.06,0.68,0.48,0.48,1.06,0.96,0.54,0.4,0.64,0.44,0.44,0.46,0.46,0.48,0.48,0.48,0.48,0.5,0.7,0.82,0.5,0.5,0.5,1.08,0.52,0.52,0.52,0.52,0.52,0.52,0.54,0.52,0.52,0.52,0.52,0.58,0.82,0.56,0.84,1.4,0.54,0.52,0.64,0.5,0.5,1.16,0.52,0.52,0.68,0.58,0.5,0.8,0.86,0.5,0.6,0.5,0.5,0.48,0.48,0.52,0.48,0.48,0.48,0.5,0.5,0.5,0.5,0.48,0.48,0.48,0.78,0.48,0.5,0.5,1.06,0.5,0.5,0.5,0.62,0.92,0.56,0.52,0.52,1.06,1.08,0.62,0.52,0.54,0.52,0.52,0.52,0.56,0.66,0.56,0.52,0.84,0.94,0.74,0.76,0.66,0.58,0.58,0.6,0.6,0.86,0.64,0.64,0.64,0.62,0.66,0.58,0.56,0.58,0.5,0.6,0.5
0.32,0.42,0.3,0.46,1.3,0.56,0.46,0.44,0.5,0.84,0.4,0.5,0.42,0.44,0.46,0.54,0.48,1.02,0.52,0.48,0.48,0.62,0.7,0.58,0.5,0.5,0.5,0.5,0.52,0.52,0.52,0.52,0.54,0.54,0.54,0.52,0.52,0.56,0.52,0.82,0.52,0.7,0.66,0.76,0.52,0.56,0.52,0.5,0.5,0.72,0.6,0.54,0.6,0.74,0.68,0.48,0.76,0.6,0.5,0.58,0.5,0.48,0.48,0.48,0.48,0.48,0.68,0.58,0.5,0.5,0.5,0.56,0.5,0.76,0.56,1.04,0.78,0.52,0.5,0.5,0.66,0.62,0.6,0.5,0.5,0.68,0.52,0.52,0.52,0.54,0.74,0.6,0.52,0.52,0.86,0.92,0.52,0.54,0.52,0.52,0.82,0.9,0.58,0.84,0.66,0.58,0.9,0.6,0.62,0.62,0.64,0.64,0.64,0.62,0.6,0.58,0.56,0.58,0.5,0.58
0.48,0.3,0.36,1.04,1.12,0.76,0.48,0.46,0.46,0.56,0.4,0.52,0.6,0.44,0.48,0.48,0.48,0.48,0.72,0.66,0.48,0.48,0.8,0.58,0.5,0.5,0.5,0.94,0.52,0.52,0.66,0.52,0.52,0.64,0.54,0.52,0.56,0.52,0.52,0.52,0.96,0.66,0.52,0.52,0.52,0.54,0.84,0.52,0.5,0.54,0.5,0.9,0.64,0.5,0.48,0.54,0.48,0.48,0.5,0.5,0.5,0.48,0.52,0.48,0.52,0.48,0.48,0.48,0.48,0.48,0.5,0.48,0.48,0.48,0.48,0.48,0.48,0.48,0.5,0.5,0.5,0.5,0.5,0.54,0.5,0.5,0.52,0.6,0.62,0.52,0.52,0.76,0.52,0.64,0.52,0.52,0.52,0.64,0.52,0.62,0.52,0.8,0.86,0.58,0.56,0.64,0.58,0.58,0.62,0.62,0.68,0.64,0.66,0.64,0.62,0.6,0.58,0.56,0.62,0.5
0.3,0.3,0.58,1.4,0.56,0.48,0.44,0.46,0.88,0.68,0.8,0.82,0.56,0.48,0.48,0.48,0.64,0.5,0.56,0.48,0.5,0.78,0.56,0.52,0.52,0.58,0.52,0.52,0.52,0.8,0.52,0.52,0.52,0.52,0.54,0.54,0.54,0.52,0.52,0.56,0.66,0.52,0.5,0.52,1.06,0.54,0.5,0.54,0.5,0.74,0.5,0.5,0.5,1.26,0.78,0.48,0.56,0.48,1.02,0.48,0.86,0.8,0.56,0.48,0.48,0.62,0.48,0.48,0.48,0.46,0.62,0.48,0.48,0.52,0.48,0.54,0.48,0.48,0.48,0.48,0.5,0.56,0.5,0.56,1.06,0.52,0.74,0.52,0.52,0.52,0.52,0.52,0.52,0.76,0.5,0.52,0.52,0.52,0.56,0.52,0.52,0.66,0.52,0.68,0.58,0.58,0.58,0.58,0.6,0.6,0.62,0.64,0.66,0.66,0.66,0.62,0.6,0.58,0.68,0.52
0.62,0.36,1.06,0.68,0.64,0.46,0.4,0.46,0.54,0.42,0.44,0.44,0.46,0.54,0.46,0.52,0.5,0.68,0.5,0.5,0.5,0.6,0.82,0.5,0.54,0.52,0.52,0.52,0.52,0.54,0.54,0.52,0.82,0.54,0.52,0.52,0.54,0.52,0.54,0.52,0.94,0.52,0.52,0.8,0.6,0.54,0.52,0.92,0.5,0.86,0.5,1.12,0.5,0.5,0.5,0.48,0.48,0.48,0.62,0.48,0.46,0.48,0.48,0.48,0.48,0.48,0.48,0.6,0.46,0.46,0.46,0.46,0.52,0.5,0.48,0.48,0.48,0.54,0.48,0.48,0.48,0.48,0.48,0.48,0.52,0.56,0.5,0.5,0.5,0.52,0.52,0.58,0.52,0.5,0.64,0.92,0.5,0.52,0.52,0.52,0.54,0.52,0.52,0.52,0.64,0.92,0.6,0.76,0.58,0.6,0.6,0.62,0.64,0.66,0.68,0.66,0.64,0.6,0.58,0.78
0.52,0.7,1.24,0.54,0.48,0.72,0.48,0.86,0.4,0.48,0.86,0.58,0.5,0.48,0.48,0.48,0.5,0.5,0.5,0.62,0.8,0.84,0.5,0.5,0.52,0.6,0.54,0.54,0.54,0.54,0.54,0.54,0.54,0.52,0.52,0.66,0.64,0.54,0.52,0.76,0.52,0.52,0.66,0.52,0.52,0.5,0.64,0.9,0.5,0.92,0.48,0.48,0.5,0.5,0.48,0.48,0.48,0.48,0.48,0.56,0.46,0.46,0.46,0.48,0.56,0.52,0.5,0.5,0.54,0.48,1.18,0.48,0.46,0.78,0.48,0.48,0.76,0.48,0.94,0.48,1.08,0.48,0.48,0.48,0.48,0.48,0.48,0.5,0.5,0.5,0.54,0.5,0.5,0.56,0.5,0.5,0.56,0.5,0.62,0.52,0.76,0.54,0.52,0.52,0.52,0.78,0.88,0.64,0.72,0.64,0.6,0.62,0.62,0.64,0.68,0.68,0.66,0.64,0.6,0.58
0.36,1.54,0.66,0.5,0.46,0.4,0.44,0.62,0.52,0.42,0.82,0.62,0.48,0.52,0.7,0.48,1.06,0.5,0.68,0.78,0.52,0.58,0.52,0.52,0.54,0.54,0.54,0.52,0.54,0.56,0.54,0.54,0.54,0.52,0.52,0.52,0.56,0.54,0.84,0.52,0.92,0.52,0.54,0.52,0.8,0.5,0.5,0.5,0.6,0.48,0.62,1.06,0.66,0.48,0.48,0.48,0.48,0.94,0.48,0.8,0.6,0.5,0.48,0.46,0.46,1.28,0.48,0.46,0.52,0.46,0.46,0.46,0.58,1.06,0.62,0.62,0.5,0.56,0.5,0.48,0.86,0.48,1.08,0.48,0.48,0.48,0.48,0.48,0.52,0.5,0.54,0.52,0.5,0.5,0.5,0.52,1.22,0.5,0.72,0.6,0.74,0.64,0.66,0.54,0.52,0.52,0.78,0.66,0.58,1.14,0.74,0.88,0.62,0.76,0.74,0.68,0.7,0.68,0.64,0.62
0.5,1.18,0.56,0.48,0.44,0.66,0.78,0.42,0.52,0.44,0.54,0.56,0.84,0.54,0.7,0.66,0.5,0.66,0.56,0.5,0.52,0.52,0.52,0.62,0.54,0.56,0.54,0.58,0.66,0.52,0.54,0.54,0.54,0.92,0.52,0.58,0.52,0.52,0.52,0.56,0.5,0.54,0.78,0.5,0.52,0.7,0.5,0.5,0.5,0.48,0.48,0.48,0.56,0.46,0.46,0.52,0.5,0.48,0.46,0.46,0.84,0.44,0.44,0.44,0.44,0.44,0.44,0.44,0.44,0.44,0.44,0.44,0.44,0.54,0.44,0.44,0.46,0.48,0.74,0.76,0.58,0.6,0.46,0.46,0.48,0.86,0.48,0.48,0.48,0.48,0.5,0.5,0.5,0.5,0.64,0.5,0.5,0.86,0.5,0.58,1.02,0.52,0.52,0.52,0.52,0.52,0.54,0.54,0.62,0.6,0.58,0.9,0.6,0.62,0.64,0.66,0.68,0.7,0.68,0.66
1.18,0.64,0.5,0.46,0.48,0.5,1.16,0.44,0.44,0.54,0.6,0.78,0.78,0.76,0.5,0.8,0.5,0.76,0.82,0.5,0.54,0.54,0.52,0.52,0.52,0.54,0.54,0.62,0.54,0.52,0.6,0.56,0.7,0.54,0.6,0.58,0.52,0.96,0.52,0.54,0.54,0.76,0.5,0.5,0.62,0.52,0.5,0.5,0.5,0.58,0.7,0.48,0.52,0.48,0.46,0.64,0.44,0.44,0.46,0.44,0.44,0.44,0.42,0.42,0.42,0.48,0.42,0.44,0.46,0.42,0.42,0.42,0.42,0.42,0.42,0.44,0.42,0.44,0.46,0.46,0.46,0.5,0.8,0.68,0.72,0.78,0.46,0.48,0.48,0.86,0.48,0.5,0.5,0.5,0.5,0.5,0.5,0.52,1.06,0.5,0.52,0.62,0.52,0.52,0.58,0.54,0.52,0.66,0.54,0.58,0.88,1.12,0.6,0.6,0.62,0.64,0.66,0.7,0.72,0.74
0.8,0.54,0.54,0.42,0.44,0.64,0.44,0.66,0.5,0.56,0.56,0.64,0.5,0.62,0.64,0.5,0.6,0.8,0.84,0.52,0.66,0.54,0.54,0.54,0.54,0.54,0.54,0.54,0.54,0.54,0.52,0.8,0.54,0.62,0.54,1.08,1.46,0.54,0.66,0.8,0.52,0.5,0.8,0.54,0.64,0.48,0.48,0.52,0.48,0.48,0.5,0.46,0.46,0.5,0.44,0.44,0.44,0.42,0.42,0.8,1.06,0.42,0.42,0.76,1.24,0.4,0.4,0.42,0.4,0.42,0.42,0.42,0.42,0.84,0.42,0.42,0.42,0.42,0.42,0.44,0.6,0.44,0.44,0.7,1.08,0.8,0.64,0.46,0.76,0.48,0.48,0.48,1.16,0.5,0.5,0.6,0.5,0.5,0.5,0.5,0.52,0.52,0.52,0.84,0.52,0.52,0.52,0.52,0.54,0.54,0.56,0.66,0.6,0.92,0.6,0.62,0.64,0.66,0.7,0.74
0.58,0.5,0.46,0.46,0.68,0.5,0.44,0.46,0.54,0.56,0.48,0.48,0.52,0.5,0.5,0.52,0.78,0.54,0.52,1.28,0.54,0.54,0.54,0.54,0.54,0.56,0.54,0.54,0.54,0.54,0.54,0.52,0.6,0.52,0.52,0.6,0.68,0.56,0.76,0.52,0.52,0.5,0.58,0.84,0.5,0.48,0.72,0.52,0.62,0.78,0.48,0.5,0.44,0.44,0.7,0.42,0.62,0.4,0.4,0.4,0.4,0.5,0.56,0.42,0.58,0.4,0.46,0.54,0.38,0.38,0.62,0.4,0.4,0.86,0.4,0.7,0.4,0.4,0.82,0.4,0.42,0.44,0.44,0.44,0.44,0.44,0.6,0.46,0.82,1.1,0.7,0.46,0.48,0.5,0.5,0.6,0.5,0.98,0.5,0.5,0.52,0.52,0.8,0.52,0.6,0.52,0.52,0.76,0.52,0.54,0.54,0.76,0.58,0.58,0.92,0.68,0.62,0.64,0.68,0.72
0.52,0.46,0.56,0.42,0.54,0.42,0.46,0.46,0.52,0.48,0.54,1.04,0.5,0.5,0.5,0.52,0.54,0.54,1.16,0.54,0.54,0.54,0.74,0.84,0.54,0.56,0.54,0.54,0.54,0.54,0.54,0.56,0.54,0.58,0.52,0.52,0.52,0.5,0.5,0.68,0.52,0.5,0.5,0.5,0.78,0.52,0.48,0.46,0.46,0.56,0.8,0.42,0.42,0.42,0.42,0.42,0.4,0.4,0.68,0.66,0.38,0.38,0.38,0.54,0.38,0.44,0.38,0.92,0.4,0.44,0.38,0.46,0.38,0.38,0.44,0.4,0.58,0.48,1.06,0.38,0.9,0.42,0.86,0.44,0.62,0.44,0.44,0.6,0.44,0.46,0.78,0.7,0.46,0.46,0.5,0.5,0.5,0.5,0.52,0.5,0.5,0.52,1.08,1.24,0.52,0.52,0.8,0.66,0.52,0.54,0.54,0.54,0.54,0.56,0.9,0.8,0.68,0.62,0.64,0.68
0.48,0.44,0.6,0.84,0.42,0.5,0.46,0.5,1.1,0.5,0.5,0.5,0.8,0.52,0.52,0.8,0.54,0.54,0.54,0.54,0.54,0.56,0.54,0.54,0.74,0.54,0.56,0.56,0.54,0.54,0.96,0.54,1.02,0.54,0.62,0.82,0.52,0.72,0.5,0.5,0.5,0.6,0.48,0.78,0.48,0.48,0.46,0.72,0.64,0.42,0.42,0.4,0.4,0.48,0.4,0.4,0.54,0.66,0.38,0.38,0.38,0.62,0.52,0.36,0.4,0.5,0.38,0.42,0.36,0.36,0.52,0.36,0.36,0.36,0.76,0.38,0.38,0.38,0.38,0.38,0.48,0.72,0.5,1.24,0.42,0.46,0.42,0.42,0.44,0.52,0.44,0.44,0.46,0.7,0.5,0.5,0.5,0.5,0.5,0.82,0.5,0.52,0.52,0.52,0.52,1.04,0.8,0.52,0.52,0.52,0.56,0.82,0.54,0.54,0.58,0.64,0.6,0.62,0.62,0.64
0.46,0.4,0.5,0.48,0.44,0.46,0.72,0.5,0.74,0.5,0.7,0.5,0.5,0.52,0.8,0.56,0.54,0.54,0.54,0.54,0.54,0.6,0.56,0.54,0.56,0.68,0.54,0.54,0.54,0.52,0.54,0.58,0.54,0.56,0.66,0.52,0.74,0.52,0.56,0.5,0.48,0.5,0.5,0.46,0.46,0.48,0.56,0.44,0.42,0.74,0.46,0.54,0.38,0.38,0.38,0.6,0.38,0.38,0.38,0.42,0.36,0.36,0.36,0.64,0.36,0.52,0.66,0.36,0.36,0.6,0.36,0.82,0.36,0.36,0.4,0.34,0.36,0.36,0.36,0.68,0.36,0.44,0.38,0.56,0.4,0.4,0.4,0.4,0.42,0.42,0.42,0.44,0.44,0.52,0.54,0.7,0.48,0.5,0.5,0.6,0.5,0.5,0.52,0.52,0.52,0.52,0.52,0.68,0.52,0.78,1.08,0.6,0.82,0.54,0.54,0.58,0.58,0.6,0.7,0.8
0.48,0.46,0.52,0.66,0.88,0.46,0.56,0.54,0.52,0.62,0.54,0.52,0.52,0.78,0.54,0.54,1.24,0.88,0.56,0.56,0.56,0.56,0.56,0.56,0.54,0.54,0.54,0.54,0.54,0.54,0.52,0.52,0.52,0.52,0.52,0.86,0.52,0.52,0.5,0.5,0.48,0.48,0.46,0.62,0.44,0.42,0.42,0.4,0.4,0.4,0.38,0.46,0.38,0.42,0.36,0.36,0.36,0.36,0.36,0.36,0.36,0.44,0.34,0.34,0.34,0.34,0.34,0.34,0.72,0.34,0.34,0.34,0.62,0.34,0.34,0.34,0.34,0.34,0.36,0.38,0.36,0.58,0.36,0.38,0.6,0.38,0.38,0.38,0.88,0.42,0.42,0.42,0.42,0.44,0.44,0.46,0.56,0.72,0.76,0.5,0.5,0.5,0.5,0.52,0.52,0.52,0.7,0.52,0.54,0.52,0.58,0.54,0.96,0.54,0.72,0.86,0.72,0.58,0.74,0.66
0.4,1.04,0.64,0.58,0.48,0.76,0.5,0.5,0.6,0.52,0.82,0.6,0.52,0.54,0.54,0.56,0.54,0.56,0.56,0.56,0.56,0.92,0.56,0.56,0.56,0.56,0.54,0.54,0.54,0.54,0.54,0.84,0.52,0.52,0.52,0.5,0.5,0.48,0.5,0.48,0.48,0.62,0.44,0.44,0.42,0.4,0.4,0.4,0.4,0.38,0.38,0.38,0.36,0.38,0.36,0.42,0.34,0.34,0.34,0.34,0.32,0.34,0.34,0.34,0.34,0.34,0.32,0.4,0.32,0.58,0.32,0.34,0.36,0.34,0.34,0.44,0.58,0.34,0.32,0.32,0.34,0.36,0.36,0.36,0.36,0.76,0.84,0.5,0.48,0.64,0.72,0.46,0.4,0.42,0.42,0.46,0.46,0.56,0.48,0.66,0.48,0.5,0.5,0.5,0.52,1.6,0.52,0.52,0.6,0.52,0.52,0.52,0.76,0.54,0.54,0.54,0.58,0.58,0.6,0.6
0.48,0.46,0.44,0.48,0.48,0.92,0.5,0.5,0.5,0.5,0.54,0.86,0.54,0.56,0.56,0.56,0.56,0.56,0.56,0.96,0.56,0.56,0.56,0.56,0.56,0.56,0.56,0.7,0.72,0.54,0.72,0.52,0.52,0.52,0.5,0.5,0.6,0.48,0.46,0.92,0.44,0.42,0.42,0.42,0.5,0.38,0.38,0.78,0.5,0.36,0.38,0.36,0.5,0.36,0.36,0.34,0.34,0.34,0.44,0.38,0.32,0.32,0.32,0.3,0.32,0.32,0.32,0.32,0.32,0.32,0.3,0.44,0.34,0.32,0.32,0.4,0.6,0.32,0.32,0.38,0.32,0.44,0.34,0.4,0.56,0.34,0.34,0.34,0.36,0.38,0.38,0.38,0.38,0.76,0.4,0.44,0.44,0.46,0.86,0.46,0.48,0.66,0.5,0.5,0.5,0.54,0.52,1.22,0.62,0.8,0.56,0.52,1.32,0.62,0.54,0.78,0.56,0.58,0.58,0.6
0.5,0.68,0.56,0.48,0.5,0.5,0.5,0.62,0.52,0.52,0.8,0.8,0.54,0.56,0.56,0.56,0.56,0.58,0.56,0.56,0.56,0.56,0.56,0.72,0.54,0.54,0.88,0.66,0.6,0.54,0.54,0.54,0.52,0.64,0.64,0.5,0.48,0.46,0.46,0.46,0.42,0.5,0.4,0.4,0.38,0.38,0.38,0.36,0.36,0.36,0.34,0.34,0.34,0.92,0.34,0.34,0.34,0.32,0.92,0.32,0.6,0.3,0.5,0.76,0.44,0.34,0.32,0.82,0.3,0.3,0.64,0.44,0.3,0.32,0.34,0.3,0.32,0.48,0.32,0.5,0.7,0.32,0.42,0.5,0.34,0.48,0.34,0.36,0.44,0.54,0.34,0.36,1.18,0.6,0.38,0.42,0.42,0.44,0.58,0.46,0.78,1.1,0.48,0.58,0.6,0.52,0.56,0.66,0.68,0.52,0.52,0.86,0.52,0.54,0.64,0.76,0.62,0.58,0.58,0.58
0.46,0.6,0.48,0.48,0.74,0.94,0.56,0.52,0.88,0.54,0.8,0.56,0.56,0.86,0.58,0.56,0.56,0.58,0.58,0.56,0.56,0.56,0.56,0.56,0.54,0.54,0.54,0.62,0.54,0.52,0.52,0.54,0.52,0.52,0.5,0.48,0.62,0.52,0.5,0.42,0.72,0.48,0.98,0.38,0.38,0.38,0.36,0.36,0.56,0.36,0.34,0.34,0.32,0.46,0.54,0.3,0.58,0.76,1.22,0.48,0.6,0.44,0.3,0.3,0.34,0.28,0.74,0.28,0.72,0.3,0.28,0.46,0.36,0.28,0.68,0.42,0.34,0.28,0.3,0.3,0.38,0.3,0.3,0.3,0.3,0.32,0.32,0.32,0.32,0.34,0.62,0.34,0.36,0.44,0.64,0.44,0.44,0.42,0.66,0.44,0.82,0.54,0.46,1.16,0.54,0.54,0.5,0.5,0.52,0.52,0.52,0.52,0.74,0.54,0.56,0.62,0.66,0.58,0.62,0.6
0.7,0.6,0.48,0.5,0.5,0.68,0.52,0.54,0.54,0.76,0.9,0.56,0.56,0.58,0.58,0.58,0.58,0.92,0.58,0.58,0.68,0.56,0.56,0.58,0.56,0.56,0.82,0.54,0.54,0.52,0.52,0.5,0.5,0.68,0.7,0.64,0.7,0.44,0.46,0.74,0.44,0.38,0.38,0.36,0.5,0.46,0.36,0.36,0.34,0.34,0.38,0.32,0.76,0.34,0.66,0.3,0.38,0.3,0.36,0.28,0.28,0.58,0.52,0.36,0.28,0.42,0.26,0.26,1.2,0.28,0.48,0.42,0.3,0.38,0.28,0.28,0.34,0.28,0.28,0.28,0.36,0.44,0.28,0.38,0.48,0.3,0.58,0.32,0.32,0.56,0.32,0.46,0.5,0.56,0.36,1,0.38,0.4,0.4,0.42,0.9,0.44,0.78,0.56,0.56,0.48,0.48,0.5,0.5,0.52,0.52,0.52,0.54,0.54,0.56,0.58,0.58,0.58,0.78,0.6
0.68,0.5,0.5,0.5,0.5,0.52,0.52,0.56,0.56,0.56,0.58,0.58,0.58,0.58,0.58,0.58,0.56,0.58,0.58,0.58,0.58,0.58,0.56,0.56,0.56,0.72,0.76,0.82,0.54,0.52,0.52,0.66,0.48,0.46,0.58,0.44,0.42,0.4,0.72,0.54,0.38,0.38,0.36,0.36,0.34,0.34,0.36,0.32,0.34,0.34,0.34,0.32,0.56,0.42,0.3,0.3,0.28,0.28,0.66,0.26,0.26,0.36,0.6,0.56,0.38,0.26,0.44,0.3,0.28,0.36,0.46,0.64,0.36,0.46,0.28,0.64,0.36,0.32,0.28,0.36,0.28,0.28,0.28,0.38,0.3,0.3,0.3,0.3,0.3,0.36,0.32,0.32,0.32,0.46,0.34,0.42,0.42,0.42,0.38,0.4,0.68,0.42,0.42,0.44,0.5,0.46,0.48,0.48,0.5,0.5,0.58,0.52,0.54,0.6,0.58,0.58,0.64,1.24,0.72,0.7
0.5,0.5,0.86,0.52,0.52,0.54,0.54,0.6,0.58,0.56,0.58,0.58,0.84,0.58,0.58,0.58,0.58,0.56,0.56,0.6,0.56,0.8,0.56,0.54,1.06,0.56,0.92,0.54,0.54,0.56,0.5,0.5,0.54,0.82,0.48,0.42,0.4,0.74,0.56,0.38,0.38,0.66,0.36,0.44,0.34,0.34,0.32,0.32,0.32,0.3,0.3,0.28,0.28,1.1,0.28,0.52,0.26,0.26,0.38,0.48,0.26,0.3,0.26,0.26,0.52,0.26,0.4,0.26,0.26,0.28,0.32,0.44,0.28,0.68,0.42,0.28,0.28,0.28,0.34,0.42,0.28,0.48,0.3,0.5,0.34,0.3,0.3,0.3,0.3,0.3,0.42,0.3,0.56,0.32,0.32,0.46,0.34,0.54,0.62,0.36,0.38,0.4,0.52,0.42,0.42,0.82,0.46,0.46,0.48,0.48,0.52,0.54,0.56,1.24,0.58,0.6,0.96,0.6,0.62,0.62
0.72,0.84,0.54,0.66,0.54,0.56,0.74,0.58,0.58,0.6,0.6,0.58,0.58,0.58,0.58,0.58,0.58,0.58,0.58,0.6,0.56,0.58,0.58,0.56,0.54,0.66,0.52,0.52,0.5,0.48,0.5,0.46,0.74,0.48,0.4,0.4,0.5,0.4,0.52,0.46,0.46,0.74,1.26,0.34,0.34,0.32,0.32,0.42,0.46,0.3,0.28,0.36,0.28,0.26,0.72,0.26,0.3,0.58,0.5,0.4,0.44,0.26,0.44,0.3,0.42,0.36,0.52,0.42,0.26,0.4,0.34,0.58,0.84,0.28,0.28,0.4,0.4,0.28,0.28,0.28,0.5,0.38,0.28,0.3,0.3,0.38,0.48,0.94,0.4,0.3,0.3,0.3,0.32,0.62,0.42,0.32,0.32,0.32,0.52,0.86,0.52,0.5,0.88,0.4,0.4,0.52,0.42,0.44,0.52,0.5,0.66,0.56,0.58,0.58,0.6,0.6,0.6,0.62,0.62,0.62
0.52,0.82,0.58,0.54,0.56,0.62,0.82,0.6,0.7,0.92,0.6,0.6,0.58,0.58,0.58,0.58,0.58,0.66,0.58,0.96,0.66,0.56,0.86,0.58,0.54,0.54,0.52,0.52,0.7,0.48,0.78,0.58,0.52,0.5,0.4,0.38,0.38,0.72,0.36,0.34,0.34,0.5,0.32,0.34,0.32,0.32,0.3,0.3,0.3,0.28,0.42,0.5,0.26,0.26,0.44,0.44,0.36,0.26,0.26,0.26,0.36,0.38,0.26,0.26,0.26,0.6,0.52,0.32,0.3,0.28,0.28,0.28,0.82,1,0.48,0.28,0.28,0.86,0.28,0.32,0.28,0.36,0.5,0.38,0.3,0.52,0.32,0.3,0.3,0.3,0.3,0.3,0.66,0.32,0.5,0.32,0.32,0.32,0.4,0.42,0.34,0.34,0.84,1.22,0.54,0.4,0.5,0.56,0.5,0.54,0.56,0.58,0.58,0.6,0.6,0.6,0.88,0.62,0.62,0.64
0.52,0.54,0.54,0.58,0.58,0.8,0.6,0.6,0.6,0.6,0.6,0.6,0.58,0.6,0.58,0.98,1.18,0.6,0.96,0.74,0.82,0.58,0.56,0.72,0.58,0.54,0.52,0.5,0.98,0.78,0.56,0.46,0.4,0.4,0.78,0.38,0.36,0.36,0.34,0.34,0.68,0.34,0.58,0.3,0.3,0.46,0.28,0.32,0.26,0.26,1.06,0.48,0.32,0.26,0.32,0.42,0.62,0.3,0.52,0.26,0.32,0.5,0.26,0.34,0.92,0.26,0.44,0.56,0.26,0.28,1.04,0.28,0.76,0.38,0.28,0.28,0.28,0.46,0.5,0.28,0.28,0.28,0.52,0.3,0.3,0.6,0.3,0.3,0.48,0.36,1.14,0.5,0.7,0.32,0.32,0.32,0.34,0.34,0.32,0.34,0.34,0.42,0.4,0.36,0.52,0.4,0.4,0.62,0.44,0.56,0.58,0.58,0.6,0.6,0.62,1.08,0.62,0.62,0.64,0.64
0.52,0.56,0.58,0.6,1,0.6,0.62,0.62,0.6,0.6,0.6,0.6,0.6,0.58,0.58,0.58,0.58,0.74,0.58,1.18,0.56,0.7,0.54,0.94,0.6,0.5,0.48,0.46,0.6,0.42,0.42,0.4,0.58,0.48,0.38,0.36,0.36,0.36,0.42,0.34,0.66,0.32,0.3,0.3,0.28,0.28,0.42,0.26,0.64,0.42,0.28,0.82,0.32,0.46,0.5,0.34,0.38,0.26,0.72,0.26,0.34,0.54,0.26,0.48,0.46,0.26,0.36,0.4,0.4,0.28,0.28,0.4,0.28,0.28,0.38,0.44,0.7,0.3,0.34,0.28,0.44,0.46,0.54,0.3,0.3,0.48,0.84,1.02,0.44,0.56,0.3,0.82,0.42,0.38,0.58,0.32,0.32,0.32,0.88,0.46,0.34,0.34,1.16,0.4,0.36,0.44,0.38,0.42,0.4,0.8,0.6,0.6,0.6,0.62,0.62,0.62,0.64,0.64,0.64,0.64
0.54,0.58,0.6,0.7,0.62,0.6,0.62,0.7,0.6,0.6,0.6,0.6,0.6,0.6,0.6,0.6,0.58,0.58,0.58,0.58,0.56,0.56,0.54,0.52,0.5,0.48,0.78,0.44,0.44,0.4,0.4,0.38,0.38,0.38,0.5,0.42,0.42,0.34,0.4,0.42,0.6,0.28,0.28,0.42,0.5,0.36,0.7,0.46,0.44,0.26,0.3,0.48,0.26,0.42,0.38,0.36,1.04,0.26,0.26,0.26,0.26,0.3,0.28,0.26,0.26,0.56,0.5,0.26,0.92,0.92,0.78,0.28,0.52,0.28,0.32,0.28,0.32,0.34,0.32,0.52,0.54,0.46,0.32,0.3,0.3,0.46,0.32,0.54,0.3,0.3,0.36,0.3,0.32,0.62,0.54,0.48,0.38,0.32,0.32,0.34,0.46,0.34,0.34,0.44,0.36,0.36,0.38,0.38,0.42,0.6,0.64,0.62,0.62,0.62,0.64,1.36,0.64,0.8,0.64,0.66
0.6,0.6,0.64,0.66,0.62,0.74,0.62,0.62,0.6,0.6,0.6,0.6,0.64,0.6,0.76,0.6,0.6,0.6,0.58,0.58,0.56,0.8,0.54,0.52,0.62,0.6,0.44,0.44,0.4,0.94,0.54,0.42,0.44,0.36,0.46,0.34,0.62,0.32,0.34,0.3,0.3,0.28,0.26,0.26,0.36,0.26,0.4,0.4,0.36,0.26,0.26,0.28,0.36,0.64,0.34,0.68,0.3,0.26,0.38,0.36,0.26,0.32,0.38,1.06,0.34,0.26,0.32,0.28,0.66,0.28,0.78,0.64,0.28,0.28,0.32,0.3,0.28,0.72,0.28,0.38,0.28,0.34,0.28,0.32,0.3,0.56,0.86,0.6,0.34,0.34,0.38,0.48,0.32,0.34,0.32,0.32,0.4,0.4,0.36,0.5,0.34,0.34,0.34,0.36,0.36,0.36,0.42,0.76,0.4,0.6,0.62,0.62,0.64,0.64,0.64,0.64,0.64,0.66,0.8,0.66
0.62,1.12,0.74,0.64,0.64,0.92,0.62,0.62,0.6,0.6,0.6,0.64,0.6,0.6,0.6,0.58,0.64,1.14,0.56,0.56,0.54,0.52,0.5,0.66,0.48,0.44,0.42,0.4,0.4,0.38,0.38,0.74,0.36,0.34,0.34,0.52,0.32,0.42,0.34,0.28,0.28,0.56,0.26,0.54,0.4,0.44,0.4,0.54,0.32,0.26,0.26,0.26,0.32,0.46,0.56,0.54,0.26,0.48,0.48,0.42,0.42,0.4,0.7,0.52,0.46,0.26,0.32,0.26,0.4,0.34,0.32,0.28,0.28,0.28,0.28,0.3,0.54,0.36,0.28,0.28,0.38,0.28,0.42,0.64,0.48,0.3,0.46,0.4,0.34,1.28,0.36,0.56,1.14,0.46,0.4,0.32,0.32,1.06,0.32,0.5,0.44,0.34,0.34,0.36,0.36,0.36,0.36,0.38,0.38,1.24,0.64,0.74,0.64,0.64,0.66,0.66,0.66,0.66,0.66,0.66
1.18,0.64,0.64,0.64,0.64,0.62,0.62,0.62,0.62,0.6,0.82,0.6,0.76,0.6,0.6,0.6,0.9,0.58,0.56,0.54,0.6,0.5,0.48,0.56,0.42,0.54,0.42,0.4,0.4,0.5,0.36,0.7,0.36,0.46,0.34,0.32,0.28,0.28,0.26,0.28,0.3,1,0.34,0.28,0.44,0.62,0.28,0.62,0.36,0.26,0.54,0.98,0.26,0.34,0.48,0.26,0.26,0.44,0.28,0.26,0.26,0.26,0.26,0.3,0.26,0.42,0.26,0.48,0.6,0.28,0.28,0.28,0.48,0.48,0.34,0.3,0.52,0.44,0.28,0.54,0.4,0.36,0.8,0.3,0.3,0.3,0.58,0.3,0.52,0.5,0.3,0.3,0.4,0.32,0.46,0.34,0.36,0.38,0.42,0.34,0.34,0.4,0.34,0.62,0.36,0.4,0.36,0.38,0.38,0.4,0.64,1,0.82,0.66,0.66,0.66,0.66,0.68,0.68,0.68
0.86,0.66,0.66,0.66,0.64,0.62,0.62,0.62,0.62,0.86,0.62,0.62,0.62,0.82,0.6,0.6,0.86,0.58,0.56,0.54,0.5,0.6,0.44,0.42,0.44,0.54,0.38,0.44,0.36,0.36,0.34,0.34,0.32,0.32,0.3,0.72,0.56,0.28,0.3,0.26,0.4,0.26,0.78,0.7,0.28,0.54,0.34,0.26,0.26,0.28,0.42,0.5,0.4,0.44,0.26,0.6,0.26,0.26,0.26,0.26,0.26,0.26,0.6,0.64,0.42,0.32,0.84,0.5,0.4,0.58,0.3,0.52,0.4,0.34,0.76,0.48,0.38,0.3,0.84,0.32,0.32,0.5,0.5,0.3,0.48,0.38,0.98,0.3,0.38,0.32,0.3,0.34,0.54,0.32,0.32,0.38,0.32,0.36,0.6,0.34,0.42,0.64,0.34,0.56,0.36,0.5,0.36,0.4,0.38,1.06,0.66,0.66,0.66,0.66,0.66,0.68,0.68,0.7,0.68,0.68
0.66,0.66,0.64,0.66,0.64,0.62,0.6,0.62,0.64,0.62,0.64,0.64,0.82,0.84,0.74,0.6,0.58,0.54,0.52,0.5,0.5,0.44,0.78,0.42,0.4,0.46,0.5,0.36,0.36,0.34,0.34,0.32,0.32,0.3,0.3,0.26,0.62,0.32,0.38,0.52,0.26,0.26,0.7,0.28,0.54,0.64,0.28,0.34,0.34,0.36,0.26,0.26,0.26,0.46,0.26,0.46,0.26,0.26,0.26,0.26,0.84,0.4,0.5,0.7,0.38,0.32,0.72,1.08,0.5,0.56,0.76,0.38,0.28,0.28,0.58,0.28,0.48,0.38,0.28,0.36,0.8,0.28,0.82,0.36,0.3,0.32,0.3,0.3,0.54,0.3,0.3,0.52,0.38,0.42,1.1,0.32,0.62,0.5,0.34,0.34,0.52,0.5,0.34,0.4,0.36,0.64,0.36,0.38,0.6,0.4,1.06,0.66,0.68,0.68,0.68,0.68,0.68,0.68,0.68,0.7
0.68,0.66,0.64,0.66,0.64,0.62,0.62,0.62,0.62,1.02,0.82,0.62,0.62,0.6,0.6,0.58,0.56,0.52,0.5,0.46,0.44,0.42,0.48,0.4,0.4,0.52,0.5,0.48,0.36,0.48,0.32,0.32,0.68,0.28,0.48,0.34,0.26,0.46,0.3,0.28,0.3,0.26,0.26,0.44,0.32,0.26,0.66,0.26,0.26,0.48,0.34,0.28,0.76,0.26,0.32,0.8,0.4,0.26,0.26,0.74,0.7,0.26,0.3,0.36,0.4,0.26,0.26,0.28,0.28,0.36,0.32,0.28,0.46,0.62,0.38,0.5,0.28,0.28,0.3,0.56,0.28,0.46,0.38,0.46,0.3,0.52,0.54,0.46,0.48,0.46,0.54,0.3,0.32,0.32,0.32,0.32,0.46,0.48,0.76,0.34,0.34,0.4,0.34,0.36,0.36,0.56,0.36,0.54,0.38,0.76,0.68,0.68,0.68,0.68,0.68,0.7,0.7,0.7,0.7,0.7
0.68,0.66,0.64,0.64,0.64,0.64,0.64,0.64,0.64,0.64,0.64,0.64,0.62,0.6,0.58,0.56,0.54,0.5,0.74,0.42,0.42,0.42,0.4,0.44,0.38,0.38,0.36,0.44,0.34,0.32,0.3,0.3,0.3,0.28,0.3,0.58,0.44,0.28,0.26,0.32,0.28,0.3,0.38,0.52,0.28,0.4,0.44,0.52,0.26,0.36,0.26,0.32,0.26,0.26,0.26,0.42,0.26,0.28,0.26,0.36,0.3,0.52,0.58,0.26,0.26,0.4,0.54,0.74,0.28,0.28,0.34,0.28,0.3,0.28,0.28,0.28,0.28,0.3,0.66,0.46,0.38,0.6,0.34,0.54,0.5,1.16,0.56,1.12,0.52,0.54,0.52,0.72,0.32,0.32,0.7,0.32,0.32,1.96,1.02,0.44,0.34,0.44,0.34,0.62,0.38,0.44,0.68,0.38,0.38,0.4,0.4,0.7,0.7,0.7,0.7,1.02,0.7,0.7,0.7,0.7
0.68,0.66,0.64,0.64,0.64,0.66,0.66,0.66,0.66,0.66,0.64,0.64,0.62,0.6,0.58,0.52,0.48,0.46,0.62,0.42,0.4,0.4,0.38,0.38,0.36,0.34,0.34,0.32,0.32,0.3,0.32,0.3,0.54,0.26,0.32,0.28,0.26,0.26,0.3,0.84,0.26,0.3,0.52,0.3,0.3,0.26,0.26,0.32,0.28,0.36,0.26,0.72,0.28,0.26,0.4,0.26,0.28,0.38,0.46,0.26,0.38,0.26,0.28,0.58,0.44,0.26,0.28,0.44,1.08,0.44,0.4,0.36,0.28,0.3,0.28,0.28,0.28,0.28,0.8,0.28,0.34,0.28,0.3,0.58,0.5,0.5,0.3,0.4,0.34,0.3,0.4,0.44,0.42,0.44,0.46,0.62,0.44,0.38,0.4,0.4,0.34,0.86,0.34,0.46,0.5,0.36,0.7,0.42,0.38,0.48,0.4,0.7,0.7,0.7,0.72,0.72,0.72,0.72,0.72,0.72
0.68,0.66,0.64,0.64,0.64,0.66,0.66,0.66,0.66,0.76,0.64,0.62,0.58,0.62,0.52,0.5,0.46,0.44,0.42,0.4,0.4,0.72,0.38,0.36,0.46,0.38,0.34,0.32,0.32,0.34,0.32,0.5,0.26,0.88,0.36,0.52,0.44,0.28,0.26,0.38,0.26,0.28,0.26,0.26,0.38,0.26,0.54,0.32,0.26,0.32,0.28,0.26,0.26,0.26,0.72,0.54,0.48,0.26,0.38,0.38,0.32,0.38,0.26,0.3,0.52,0.26,0.26,0.32,0.48,0.28,0.3,0.28,0.3,0.48,0.5,0.28,0.34,0.28,0.3,0.68,0.68,0.32,0.32,0.8,0.72,0.52,0.52,0.46,0.3,0.3,0.3,0.32,0.44,0.54,0.78,0.36,0.32,0.5,0.44,0.44,0.44,0.34,0.34,0.36,0.46,0.5,0.36,0.38,0.38,0.54,0.4,0.72,0.72,0.72,0.72,0.72,0.72,0.72,0.72,0.72
0.66,0.64,0.66,0.66,0.66,0.92,0.68,0.66,0.66,0.64,0.62,0.6,0.58,0.54,0.5,0.46,0.44,0.42,0.42,0.4,0.4,0.38,0.36,0.36,0.46,0.38,0.3,0.3,0.28,0.28,0.5,0.26,0.26,0.58,0.58,0.26,0.72,0.26,0.26,0.28,1.24,0.26,0.26,0.26,0.26,0.32,0.28,0.26,0.68,0.26,0.3,0.34,0.4,0.26,0.26,0.38,0.26,0.26,0.26,0.6,0.62,0.26,0.26,0.26,0.32,1.12,0.26,0.42,0.52,0.32,0.36,0.28,0.68,0.28,0.28,0.46,1.1,0.94,0.62,0.5,0.42,0.42,0.4,0.42,0.42,0.42,0.98,0.46,0.44,0.44,0.42,0.46,0.46,0.52,0.48,0.48,0.5,0.5,0.7,0.52,0.44,0.38,0.42,0.46,0.44,0.36,0.48,0.62,0.5,0.38,0.4,0.74,0.74,0.74,0.74,0.74,0.74,0.74,0.74,0.74
0.66,0.66,0.84,0.74,0.78,0.7,0.68,0.68,0.66,0.64,0.62,0.58,0.62,0.48,0.44,0.42,0.42,0.6,0.38,0.38,0.36,0.36,0.34,0.34,0.76,0.34,0.28,0.28,0.28,0.34,0.26,0.26,0.26,0.26,0.74,0.26,0.26,0.4,0.32,0.26,0.58,0.26,0.26,0.3,0.26,0.42,0.26,0.32,0.4,0.26,0.36,0.8,0.38,0.26,0.46,1.08,0.48,0.26,0.28,0.36,0.38,0.72,0.26,0.5,0.26,0.6,0.46,0.26,0.56,0.42,0.36,0.5,0.36,0.42,0.36,0.36,0.5,0.36,0.38,0.36,0.36,0.54,0.32,0.36,0.3,0.3,1.04,0.42,0.3,0.7,0.66,0.44,0.32,0.32,0.44,0.34,0.72,0.56,0.34,0.78,0.44,0.42,0.56,0.56,0.56,0.58,0.44,0.38,0.38,0.38,0.4,0.58,0.74,0.74,0.76,0.78,0.76,0.76,0.76,0.76
